S20030012003031.MON.chlor_a.csv,0--,264217.633609,0.557318875246,0.461762502789,0.424152089442,0.179904994978,4.99899625778,0.018089139834,985680,510686,474087
S20030012003031.MON.chlor_a.csv,5--,4780.79366891,6.56702427048,6.12479225794,1.35160954622,1.82684836543,9.98745155334,5.00296874046,985680,510686,728
S20030012003031.MON.chlor_a.csv,10--,1240.75170615,11.9303048668,11.7644983649,1.37678922086,1.89554855868,14.8946037292,10.0113868713,985680,510686,104
S20030012003031.MON.chlor_a.csv,15--,521.051398827,16.8081096396,16.2075233459,1.22658916527,1.50452098036,19.969207108,15.342405508,985680,510686,31
S20030012003031.MON.chlor_a.csv,20--,287.293822865,22.0995248357,21.2100028992,1.65524903098,2.73984935455,24.7837867737,20.0901529193,985680,510686,13
S20030012003031.MON.chlor_a.csv,25--,458.44596075,26.9674094559,26.8688291013,1.11928207022,1.25279235271,28.6901245117,25.600358963,985680,510686,17
S20030012003031.MON.chlor_a.csv,30--,222.34971721,31.7642453157,30.9242620468,1.29936498783,1.6883493716,34.3710021973,30.6630463004,985680,510686,7
S20030012003031.MON.chlor_a.csv,35--,39.5931549221,39.5931549221,39.5931549221,0.0,0.0,39.5931549221,39.5931549221,985680,510686,1
S20030012003031.MON.chlor_a.csv,40--,129.501195729,43.1670652429,43.2270425856,0.0848207714603,0.00719456327112,43.2270425856,43.0471105576,985680,510686,3
S20030012003031.MON.chlor_a.csv,45--,46.2006988525,46.2006988525,46.2006988525,0.0,0.0,46.2006988525,46.2006988525,985680,510686,1
S20030012003031.MON.chlor_a.csv,50--,0,0,0,0,0,0,0,985680,510686,0
S20030012003031.MON.chlor_a.csv,55--,0,0,0,0,0,0,0,985680,510686,0
S20030012003031.MON.chlor_a.csv,60--,120.657875061,60.3289375305,60.3289375305,0.0,0.0,60.3289375305,60.3289375305,985680,510686,2
S20030012003031.MON.chlor_a.csv,65--,0,0,0,0,0,0,0,985680,510686,0
S20030322003059.MON.chlor_a.csv,0--,325885.632718,0.551948133758,0.465484291315,0.386317240876,0.149241010598,4.99916315079,0.0319777131081,985680,393647,590428
S20030322003059.MON.chlor_a.csv,5--,8505.15927349,6.55756304818,6.24217939377,1.26973866058,1.61223626616,9.99311659733,5.0005569458,985680,393647,1297
S20030322003059.MON.chlor_a.csv,10--,2257.76555736,11.5782849095,11.4566755295,1.27553160384,1.62698087238,14.8896532059,10.0114629666,985680,393647,195
S20030322003059.MON.chlor_a.csv,15--,993.537754394,17.1299612827,17.0347220401,1.35790838255,1.8439151754,19.9225097994,15.0003015921,985680,393647,58
S20030322003059.MON.chlor_a.csv,20--,446.889867611,22.3444933806,22.7329273224,1.31732753725,1.73535184039,24.1617904268,20.0777472734,985680,393647,20
S20030322003059.MON.chlor_a.csv,25--,691.665432662,27.6666173065,27.9571819305,1.03364217689,1.06841614984,29.2960643768,25.6271457672,985680,393647,25
S20030322003059.MON.chlor_a.csv,30--,159.196737289,31.8393474579,31.3242092133,0.675221416941,0.455923961895,32.6659698486,31.2702941895,985680,393647,5
S20030322003059.MON.chlor_a.csv,35--,154.293632686,38.5734081715,39.5944805369,1.77312775209,3.14398202523,39.6023904234,35.502281189,985680,393647,4
S20030322003059.MON.chlor_a.csv,40--,42.3421418667,42.3421418667,42.3421418667,0.0,0.0,42.3421418667,42.3421418667,985680,393647,1
S20030322003059.MON.chlor_a.csv,45--,0,0,0,0,0,0,0,985680,393647,0
S20030322003059.MON.chlor_a.csv,50--,0,0,0,0,0,0,0,985680,393647,0
S20030322003059.MON.chlor_a.csv,55--,0,0,0,0,0,0,0,985680,393647,0
S20030322003059.MON.chlor_a.csv,60--,0,0,0,0,0,0,0,985680,393647,0
S20030322003059.MON.chlor_a.csv,65--,0,0,0,0,0,0,0,985680,393647,0
S20030602003090.MON.chlor_a.csv,0--,519561.799264,0.878888214764,0.756850694391,0.562330856492,0.316215992163,4.99992215633,0.116979002953,985680,392534,591158
S20030602003090.MON.chlor_a.csv,5--,10881.8696452,6.55929454202,6.16325516701,1.33219831072,1.7747523391,9.9957357049,5.00101629645,985680,392534,1659
S20030602003090.MON.chlor_a.csv,10--,2636.39242611,11.822387561,11.359199707,1.4862174609,2.20884234109,14.9588516951,10.0039182901,985680,392534,223
S20030602003090.MON.chlor_a.csv,15--,1242.38273027,17.4983483136,17.5248550574,1.50750950659,2.27258491247,19.938167572,15.0884923935,985680,392534,71
S20030602003090.MON.chlor_a.csv,20--,563.555640347,22.5422256139,22.9309985042,1.16322911802,1.35310198102,24.4689388275,20.1532053709,985680,392534,25
S20030602003090.MON.chlor_a.csv,25--,162.933447709,27.1555746181,27.1647071838,1.39655431917,1.95036396638,29.5149459839,25.3654327393,985680,392534,6
S20030602003090.MON.chlor_a.csv,30--,32.5330886841,32.5330886841,32.5330886841,0.0,0.0,32.5330886841,32.5330886841,985680,392534,1
S20030602003090.MON.chlor_a.csv,35--,37.751159668,37.751159668,37.751159668,0.0,0.0,37.751159668,37.751159668,985680,392534,1
S20030602003090.MON.chlor_a.csv,40--,0,0,0,0,0,0,0,985680,392534,0
S20030602003090.MON.chlor_a.csv,45--,0,0,0,0,0,0,0,985680,392534,0
S20030602003090.MON.chlor_a.csv,50--,0,0,0,0,0,0,0,985680,392534,0
S20030602003090.MON.chlor_a.csv,55--,0,0,0,0,0,0,0,985680,392534,0
S20030602003090.MON.chlor_a.csv,60--,128.875518799,64.4377593994,64.4377593994,0.0,0.0,64.4377593994,64.4377593994,985680,392534,2
S20030602003090.MON.chlor_a.csv,65--,0,0,0,0,0,0,0,985680,392534,0
S20030912003120.MON.chlor_a.csv,0--,832500.356877,1.45666295174,1.31420582107,0.739632753447,0.547056609971,4.99996728367,0.21442258358,985680,392653,571512
S20030912003120.MON.chlor_a.csv,5--,129920.497132,6.41899689387,6.07994086213,1.1897027021,1.41539251938,9.99939850398,5.00017273426,985680,392653,20240
S20030912003120.MON.chlor_a.csv,10--,13058.0683286,11.6485890532,11.3489877224,1.27494461711,1.62548377669,14.9473741395,10.0016153412,985680,392653,1121
S20030912003120.MON.chlor_a.csv,15--,1890.08851427,16.875790306,16.664944458,1.39042527574,1.93328244741,19.9329586029,15.0327585538,985680,392653,112
S20030912003120.MON.chlor_a.csv,20--,577.764619959,23.1105847983,23.4750153199,1.49944124412,2.24832404457,24.8584591548,20.2072628566,985680,392653,25
S20030912003120.MON.chlor_a.csv,25--,248.710870415,27.6345411572,27.0609321594,1.34423474689,1.80696705476,29.5365200043,26.2034416199,985680,392653,9
S20030912003120.MON.chlor_a.csv,30--,61.1710655689,30.5855327845,30.5855327845,0.467074990273,0.218159046538,31.0526077747,30.1184577942,985680,392653,2
S20030912003120.MON.chlor_a.csv,35--,37.3862342834,37.3862342834,37.3862342834,0.0,0.0,37.3862342834,37.3862342834,985680,392653,1
S20030912003120.MON.chlor_a.csv,40--,0,0,0,0,0,0,0,985680,392653,0
S20030912003120.MON.chlor_a.csv,45--,47.9466209412,47.9466209412,47.9466209412,0.0,0.0,47.9466209412,47.9466209412,985680,392653,1
S20030912003120.MON.chlor_a.csv,50--,0,0,0,0,0,0,0,985680,392653,0
S20030912003120.MON.chlor_a.csv,55--,0,0,0,0,0,0,0,985680,392653,0
S20030912003120.MON.chlor_a.csv,60--,0,0,0,0,0,0,0,985680,392653,0
S20030912003120.MON.chlor_a.csv,65--,132.191192627,66.0955963135,66.0955963135,0.0,0.0,66.0955963135,66.0955963135,985680,392653,2
S20031212003151.MON.chlor_a.csv,0--,473040.463545,0.827763695509,0.754961699247,0.45332461747,0.205503208804,4.99855400622,0.100377969444,985680,411907,571468
S20031212003151.MON.chlor_a.csv,5--,12361.5831719,6.50609640629,6.15263366699,1.24807050673,1.55767998976,9.99988794327,5.00005037785,985680,411907,1900
S20031212003151.MON.chlor_a.csv,10--,3027.79498648,12.062928233,11.746323958,1.36005854701,1.84975925129,14.9859455228,10.0091901124,985680,411907,251
S20031212003151.MON.chlor_a.csv,15--,1494.16113799,17.1742659539,16.7906017303,1.44049620492,2.07502931639,19.9985292753,15.0742721558,985680,411907,87
S20031212003151.MON.chlor_a.csv,20--,400.537060777,22.2520589321,22.7049584389,1.21295449781,1.47125861376,24.3660993576,20.5234737396,985680,411907,18
S20031212003151.MON.chlor_a.csv,25--,372.315590734,26.5939707667,25.9732211431,1.5199299139,2.31018694318,29.9694023132,25.0659732819,985680,411907,14
S20031212003151.MON.chlor_a.csv,30--,579.279468735,32.1821927075,32.5835598707,1.46481895633,2.14569457483,33.9295563698,30.0027854443,985680,411907,18
S20031212003151.MON.chlor_a.csv,35--,333.71533676,37.0794818622,36.5710601807,1.29746254591,1.68340905803,39.7202568054,35.5678672791,985680,411907,9
S20031212003151.MON.chlor_a.csv,40--,0,0,0,0,0,0,0,985680,411907,0
S20031212003151.MON.chlor_a.csv,45--,185.214797974,46.3036994934,45.121761322,2.04717696425,4.19093352294,49.8495140076,45.121761322,985680,411907,4
S20031212003151.MON.chlor_a.csv,50--,54.8327128092,54.8327128092,54.8327128092,0.0,0.0,54.8327128092,54.8327128092,985680,411907,1
S20031212003151.MON.chlor_a.csv,55--,0,0,0,0,0,0,0,985680,411907,0
S20031212003151.MON.chlor_a.csv,60--,0,0,0,0,0,0,0,985680,411907,0
S20031212003151.MON.chlor_a.csv,65--,0,0,0,0,0,0,0,985680,411907,0
S20031522003181.MON.chlor_a.csv,0--,213361.711041,0.374437034574,0.329599656165,0.263630297893,0.069500933967,4.99344420433,0.0548414327204,985680,414952,569820
S20031522003181.MON.chlor_a.csv,5--,4287.47210417,6.73072543826,6.45343351364,1.32771830341,1.76283589321,9.96158123016,5.00040149689,985680,414952,637
S20031522003181.MON.chlor_a.csv,10--,2027.57941473,12.1411941002,11.9150876999,1.48153013836,2.19493155088,14.9047670364,10.0051727295,985680,414952,167
S20031522003181.MON.chlor_a.csv,15--,936.365147623,17.6672669363,17.7351970673,1.50380389214,2.26142614602,19.9099578857,15.1044068336,985680,414952,53
S20031522003181.MON.chlor_a.csv,20--,699.375689268,21.8554902896,21.1447591782,1.40089008735,1.96249303684,24.1307971478,20.2324581146,985680,414952,32
S20031522003181.MON.chlor_a.csv,25--,170.525884566,28.420980761,28.7277426049,0.562408584366,0.316303415768,28.9111803621,27.5562192599,985680,414952,6
S20031522003181.MON.chlor_a.csv,30--,63.8303642273,31.9151821136,31.9151821136,0.0,0.0,31.9151821136,31.9151821136,985680,414952,2
S20031522003181.MON.chlor_a.csv,35--,72.255607605,36.1278038025,36.1278038025,0.0,0.0,36.1278038025,36.1278038025,985680,414952,2
S20031522003181.MON.chlor_a.csv,40--,207.657553196,41.5315106392,40.5232391357,1.42651163536,2.03493544582,43.7757110596,40.1768949032,985680,414952,5
S20031522003181.MON.chlor_a.csv,45--,0,0,0,0,0,0,0,985680,414952,0
S20031522003181.MON.chlor_a.csv,50--,50.8139672279,50.8139672279,50.8139672279,0.0,0.0,50.8139672279,50.8139672279,985680,414952,1
S20031522003181.MON.chlor_a.csv,55--,0,0,0,0,0,0,0,985680,414952,0
S20031522003181.MON.chlor_a.csv,60--,129.93951416,64.9697570801,64.9697570801,0.0,0.0,64.9697570801,64.9697570801,985680,414952,2
S20031522003181.MON.chlor_a.csv,65--,0,0,0,0,0,0,0,985680,414952,0
S20031822003212.MON.chlor_a.csv,0--,195798.209172,0.376216680447,0.290342587978,0.369552653435,0.136569163661,4.99823284149,0.0645734071732,985680,463362,520440
S20031822003212.MON.chlor_a.csv,5--,8965.41712234,6.64597266297,6.29335594177,1.32185678783,1.74730536752,9.97995201747,5.00371801853,985680,463362,1349
S20031822003212.MON.chlor_a.csv,10--,3352.46556999,12.0160056272,11.80534935,1.52176146313,2.31575795068,14.9934206009,10.0075766742,985680,463362,279
S20031822003212.MON.chlor_a.csv,15--,1660.55848465,17.1191596355,17.2106976509,1.2900155311,1.66414007049,19.9964894533,15.1178506613,985680,463362,97
S20031822003212.MON.chlor_a.csv,20--,1209.01386633,22.3891456727,22.1511787474,1.43785325944,2.06742199569,24.9088060856,20.0681569695,985680,463362,54
S20031822003212.MON.chlor_a.csv,25--,1040.01694625,27.3688670065,27.7187616428,1.49865491008,2.24596653952,29.9618676503,25.149823904,985680,463362,38
S20031822003212.MON.chlor_a.csv,30--,486.977027347,32.4651351564,31.8084392746,1.4219796697,2.02202618105,34.9927000999,30.0233860016,985680,463362,15
S20031822003212.MON.chlor_a.csv,35--,503.624246558,38.7403266583,38.9956730604,1.37756350634,1.89768121399,39.9955062866,35.9654450417,985680,463362,13
S20031822003212.MON.chlor_a.csv,40--,204.727515638,40.9455031276,40.5325700641,0.581461623351,0.33809761943,41.9378623962,40.4867529869,985680,463362,5
S20031822003212.MON.chlor_a.csv,45--,288.013717651,48.0022862752,47.3502597809,1.25467435511,1.57420773737,49.7311592102,46.8842735291,985680,463362,6
S20031822003212.MON.chlor_a.csv,50--,257.022249937,51.4044499874,51.2916603088,0.173548219217,0.0301189843933,51.7397422791,51.2916603088,985680,463362,5
S20031822003212.MON.chlor_a.csv,55--,0,0,0,0,0,0,0,985680,463362,0
S20031822003212.MON.chlor_a.csv,60--,181.436267853,60.4787559509,60.4787559509,0.0,0.0,60.4787559509,60.4787559509,985680,463362,3
S20031822003212.MON.chlor_a.csv,65--,328.994308472,65.7988616943,65.8036804199,0.00963745117188,9.28804650903e-05,65.8036804199,65.779586792,985680,463362,5
S20032132003243.MON.chlor_a.csv,0--,206501.509651,0.350583100577,0.264406949282,0.364845565675,0.133112286793,4.99852848053,0.0655615627766,985680,393955,589023
S20032132003243.MON.chlor_a.csv,5--,12322.9219742,6.82710358684,6.5178468568,1.3580037272,1.84417412308,9.98883342743,5.0020586678,985680,393955,1805
S20032132003243.MON.chlor_a.csv,10--,5424.4075886,11.9744096879,11.7218642235,1.34906839682,1.81998553931,14.9505562782,10.0005709648,985680,393955,453
S20032132003243.MON.chlor_a.csv,15--,3326.54182586,17.0591888506,16.8039150238,1.45130926697,2.10629858838,19.9367332458,15.0048226515,985680,393955,195
S20032132003243.MON.chlor_a.csv,20--,1937.05536171,22.5238995548,22.9760026932,1.4057290473,1.97607415442,24.9572474957,20.0221144358,985680,393955,86
S20032132003243.MON.chlor_a.csv,25--,1296.88472652,27.0184318024,26.9070537488,1.29975440659,1.68936151745,29.3684940338,25.0514602661,985680,393955,48
S20032132003243.MON.chlor_a.csv,30--,740.449171066,32.1934422203,31.6942939758,1.33956683881,1.79443931565,34.7753448486,30.3488483429,985680,393955,23
S20032132003243.MON.chlor_a.csv,35--,718.673528353,37.8249225449,38.1009531021,1.48438994493,2.20341350859,39.8109054565,35.3964866002,985680,393955,19
S20032132003243.MON.chlor_a.csv,40--,686.056058407,42.8785036504,43.3232049942,1.67030799146,2.78992878634,44.9570140839,40.0061149597,985680,393955,16
S20032132003243.MON.chlor_a.csv,45--,760.580911636,47.5363069773,47.2627005577,1.52961196759,2.3397127714,49.4231872559,45.4090805054,985680,393955,16
S20032132003243.MON.chlor_a.csv,50--,429.167512894,53.6459391117,54.1339673996,1.04828428726,1.09889994692,54.7582817078,52.1458892822,985680,393955,8
S20032132003243.MON.chlor_a.csv,55--,346.486481984,57.7477469974,58.4307403564,1.3790212737,1.90169967332,59.259900411,55.1355209351,985680,393955,6
S20032132003243.MON.chlor_a.csv,60--,747.067731857,62.2556443214,62.7344856262,1.51104232967,2.28324892207,64.1312942505,60.1137504578,985680,393955,12
S20032132003243.MON.chlor_a.csv,65--,336.128051758,67.2256103516,67.2161865234,0.318188228796,0.101243748944,67.8126525879,66.9415130615,985680,393955,5
S20032442003273.MON.chlor_a.csv,0--,353392.375572,0.596733893108,0.441717105252,0.516656673077,0.266934117835,4.99973126252,0.132016912103,985680,389614,592211
S20032442003273.MON.chlor_a.csv,5--,18468.7999656,6.73797882728,6.41397039096,1.35137244659,1.82620748941,9.99821778387,5.00015607476,985680,389614,2741
S20032442003273.MON.chlor_a.csv,10--,7843.31649321,12.0296265233,11.7130199969,1.46585451009,2.14872944474,14.9943306446,10.0009863973,985680,389614,652
S20032442003273.MON.chlor_a.csv,15--,4226.19110873,16.9047644349,16.6672176917,1.3798046716,1.90386093178,19.9740142822,15.0153986931,985680,389614,250
S20032442003273.MON.chlor_a.csv,20--,2211.60200479,22.3394141898,22.1465053558,1.48396249525,2.2021446873,24.9940333366,20.0368881226,985680,389614,99
S20032442003273.MON.chlor_a.csv,25--,1437.8397603,27.129052081,27.0054371357,1.30506056426,1.70318307639,29.950155139,25.0351276398,985680,389614,53
S20032442003273.MON.chlor_a.csv,30--,709.677509497,32.2580686135,32.0361764828,1.18699395046,1.40895463844,34.902961731,30.014421463,985680,389614,22
S20032442003273.MON.chlor_a.csv,35--,552.917359143,36.8611572762,36.1859016418,1.49639866547,2.23920896602,39.9786911011,35.124429067,985680,389614,15
S20032442003273.MON.chlor_a.csv,40--,250.336370468,41.7227284114,40.599861145,1.85391888964,3.43701524937,44.8986091614,40.2779388428,985680,389614,6
S20032442003273.MON.chlor_a.csv,45--,143.156732321,47.7189107736,47.1341629028,0.826958369402,0.683860144724,48.8884065151,47.1341629028,985680,389614,3
S20032442003273.MON.chlor_a.csv,50--,101.648702145,50.8243510723,50.8243510723,0.0404689311981,0.00163773439232,50.8648200035,50.7838821411,985680,389614,2
S20032442003273.MON.chlor_a.csv,55--,55.7483520508,55.7483520508,55.7483520508,0.0,0.0,55.7483520508,55.7483520508,985680,389614,1
S20032442003273.MON.chlor_a.csv,60--,257.422492981,64.3556232452,64.4495391846,0.513440026853,0.263620661175,64.9755706787,63.5478439331,985680,389614,4
S20032442003273.MON.chlor_a.csv,65--,135.657363892,67.8286819458,67.8286819458,0.0485916137695,0.00236114492873,67.8772735596,67.780090332,985680,389614,2
S20032742003304.MON.chlor_a.csv,0--,434878.055954,0.730713100326,0.548197909803,0.54287434184,0.294712551029,4.99844332536,0.15028372407,985680,387742,595142
S20032742003304.MON.chlor_a.csv,5--,14822.376654,6.67975513924,6.30322384834,1.36676314112,1.86804148392,9.98263987899,5.00129139423,985680,387742,2219
S20032742003304.MON.chlor_a.csv,10--,4511.84637151,12.0637603516,11.8369964248,1.45305510396,2.11136913515,14.9756456216,10.001598835,985680,387742,374
S20032742003304.MON.chlor_a.csv,15--,1876.28198442,17.0571089493,16.716955545,1.42320905041,2.02552400117,19.996014595,15.0659918785,985680,387742,110
S20032742003304.MON.chlor_a.csv,20--,797.309005371,22.1474723714,21.9318052928,1.32000173774,1.74240458763,24.7139644623,20.0648803711,985680,387742,36
S20032742003304.MON.chlor_a.csv,25--,581.491192957,27.6900568075,27.6806697845,1.33393353036,1.77937866342,29.7019691467,25.1871000926,985680,387742,21
S20032742003304.MON.chlor_a.csv,30--,487.427351236,32.4951567491,32.2513580322,1.42225565461,2.02281114706,34.5538356304,30.0062484741,985680,387742,15
S20032742003304.MON.chlor_a.csv,35--,108.800580263,36.2668600877,35.4308567047,1.18228732243,1.39780331278,37.9388668537,35.4308567047,985680,387742,3
S20032742003304.MON.chlor_a.csv,40--,170.557265242,42.6393163105,42.8808630109,1.72645947598,2.98066232221,44.7729269663,40.0226122538,985680,387742,4
S20032742003304.MON.chlor_a.csv,45--,94.132897377,47.0664486885,47.0664486885,1.97186994553,3.88827108207,49.038318634,45.094578743,985680,387742,2
S20032742003304.MON.chlor_a.csv,50--,50.5187759399,50.5187759399,50.5187759399,0.0,0.0,50.5187759399,50.5187759399,985680,387742,1
S20032742003304.MON.chlor_a.csv,55--,230.236763954,57.5591909885,57.8099102974,1.23408841286,1.52297421077,59.0109596252,55.6059837341,985680,387742,4
S20032742003304.MON.chlor_a.csv,60--,189.319795609,63.1065985362,62.599899292,1.21900376508,1.48597017928,64.7869720459,61.9329242706,985680,387742,3
S20032742003304.MON.chlor_a.csv,65--,0,0,0,0,0,0,0,985680,387742,0
S20033052003334.MON.chlor_a.csv,0--,562096.728033,0.949937010804,0.796742878854,0.59429882658,0.353191095274,4.99939842224,0.111472465098,985680,387956,591720
S20033052003334.MON.chlor_a.csv,5--,34184.4516663,6.67534693738,6.3345208168,1.33269765083,1.77608302853,9.99140723546,5.00027397701,985680,387956,5121
S20033052003334.MON.chlor_a.csv,10--,7450.94474713,11.6421011674,11.2299423873,1.32807818259,1.76379165908,14.9850534598,10.0027017593,985680,387956,640
S20033052003334.MON.chlor_a.csv,15--,2138.70525643,17.1096420515,16.7684573332,1.52776553526,2.33406753073,19.9262914658,15.0743653297,985680,387956,125
S20033052003334.MON.chlor_a.csv,20--,1158.68313733,22.2823680255,22.2788076997,1.50239580309,2.25719314914,24.9487432241,20.0284055869,985680,387956,52
S20033052003334.MON.chlor_a.csv,25--,683.72933264,27.3491733056,27.4503549139,1.52021600044,2.31105668799,29.8280802568,25.0472402573,985680,387956,25
S20033052003334.MON.chlor_a.csv,30--,415.439394842,31.9568765263,31.5567376018,1.68046671164,2.82396836892,34.4350814819,30.0170559883,985680,387956,13
S20033052003334.MON.chlor_a.csv,35--,301.47393012,37.6842412651,37.9419826269,1.4088347443,1.98481533675,39.9202003479,35.8637990952,985680,387956,8
S20033052003334.MON.chlor_a.csv,40--,249.788698077,41.6314496795,40.9832309484,1.40693166877,1.9794567206,44.2433776855,40.1658869982,985680,387956,6
S20033052003334.MON.chlor_a.csv,45--,95.9300504327,47.9650252163,47.9650252163,0.893144339323,0.797706810865,48.8581695557,47.071880877,985680,387956,2
S20033052003334.MON.chlor_a.csv,50--,0,0,0,0,0,0,0,985680,387956,0
S20033052003334.MON.chlor_a.csv,55--,112.257858276,56.1289291382,56.1289291382,0.0,0.0,56.1289291382,56.1289291382,985680,387956,2
S20033052003334.MON.chlor_a.csv,60--,60.2338294983,60.2338294983,60.2338294983,0.0,0.0,60.2338294983,60.2338294983,985680,387956,1
S20033052003334.MON.chlor_a.csv,65--,204.501502991,68.1671676636,68.1671676636,0.0,0.0,68.1671676636,68.1671676636,985680,387956,3
S20033352003365.MON.chlor_a.csv,0--,368433.339489,0.668726158347,0.574038013816,0.466381649528,0.217511843017,4.99872312322,0.0213370490819,985680,433198,550948
S20033352003365.MON.chlor_a.csv,5--,8138.18909362,6.72577611043,6.3866950348,1.36187758189,1.85471054806,9.99803807519,5.00174641609,985680,433198,1210
S20033352003365.MON.chlor_a.csv,10--,2586.51236775,11.8647356319,11.558889934,1.36913765742,1.87453792496,14.8829673926,10.0216531754,985680,433198,218
S20033352003365.MON.chlor_a.csv,15--,822.465931162,16.7850190033,16.4455251694,1.35846425041,1.84542511964,19.835401535,15.0030911267,985680,433198,49
S20033352003365.MON.chlor_a.csv,20--,469.502998669,21.341045394,20.6644506454,1.20657307278,1.45581857996,24.8904953003,20.1645127336,985680,433198,22
S20033352003365.MON.chlor_a.csv,25--,265.99288244,26.599288244,26.2412773768,1.52771404878,2.33391021484,29.0642805099,25.0452442169,985680,433198,10
S20033352003365.MON.chlor_a.csv,30--,219.195833266,31.3136904665,31.0042495728,0.360882426442,0.130236125715,31.7809774876,31.0042495728,985680,433198,7
S20033352003365.MON.chlor_a.csv,35--,190.31071353,38.0621427059,37.970249176,1.46672516559,2.15128271137,39.5963630676,35.6765429974,985680,433198,5
S20033352003365.MON.chlor_a.csv,40--,131.568225861,43.8560752869,43.8560752869,0.0,0.0,43.8560752869,43.8560752869,985680,433198,3
S20033352003365.MON.chlor_a.csv,45--,48.2327480018,48.2327480018,48.2327480018,0.0,0.0,48.2327480018,48.2327480018,985680,433198,1
S20033352003365.MON.chlor_a.csv,50--,200.368896484,50.0922241211,50.0922241211,0.0906524658203,0.0082178695593,50.1828765869,50.0015716553,985680,433198,4
S20033352003365.MON.chlor_a.csv,55--,0,0,0,0,0,0,0,985680,433198,0
S20033352003365.MON.chlor_a.csv,60--,62.3927078247,62.3927078247,62.3927078247,0.0,0.0,62.3927078247,62.3927078247,985680,433198,1
S20033352003365.MON.chlor_a.csv,65--,133.3152771,66.6576385498,66.6576385498,0.0,0.0,66.6576385498,66.6576385498,985680,433198,2
S20040012004031.MON.chlor_a.csv,0--,308408.843255,0.555536459646,0.473424166441,0.388240160866,0.15073042251,4.99970903397,0.0010000000475,985680,429515,555155
S20040012004031.MON.chlor_a.csv,5--,5214.90324727,6.43815215712,6.07474943002,1.2780681607,1.63345822341,9.99800264835,5.00456712246,985680,429515,810
S20040012004031.MON.chlor_a.csv,10--,1216.73694098,11.928793539,11.3572262526,1.45531510366,2.11794205094,14.9342041016,10.0035305023,985680,429515,102
S20040012004031.MON.chlor_a.csv,15--,690.493239573,17.2623309893,17.0986099243,1.46570519057,2.14829170568,19.8509838343,15.1795684844,985680,429515,40
S20040012004031.MON.chlor_a.csv,20--,558.483743516,22.3393497406,21.8972091675,1.71584863676,2.94413654427,24.7579212189,20.0095666548,985680,429515,25
S20040012004031.MON.chlor_a.csv,25--,241.743613482,26.8604014979,26.6356425881,1.16734480066,1.36269388363,28.4474030534,25.1429729462,985680,429515,9
S20040012004031.MON.chlor_a.csv,30--,62.5224631578,31.2612315789,31.2612315789,1.13297160715,1.2836246626,32.394203186,30.1282599717,985680,429515,2
S20040012004031.MON.chlor_a.csv,35--,147.618382841,36.9045957103,36.1342270672,1.46243249577,2.13870880467,39.427895546,35.9220331609,985680,429515,4
S20040012004031.MON.chlor_a.csv,40--,205.299930573,41.0599861145,41.0599861145,0.0,0.0,41.0599861145,41.0599861145,985680,429515,5
S20040012004031.MON.chlor_a.csv,45--,90.0576138496,45.0288069248,45.0288069248,0.0,0.0,45.0288069248,45.0288069248,985680,429515,2
S20040012004031.MON.chlor_a.csv,50--,268.544597626,53.7089195251,52.8519859314,1.04952502407,1.10150277615,54.9943199158,52.8519859314,985680,429515,5
S20040012004031.MON.chlor_a.csv,55--,55.0672454834,55.0672454834,55.0672454834,0.0,0.0,55.0672454834,55.0672454834,985680,429515,1
S20040012004031.MON.chlor_a.csv,60--,0,0,0,0,0,0,0,985680,429515,0
S20040012004031.MON.chlor_a.csv,65--,0,0,0,0,0,0,0,985680,429515,0
S20040322004060.MON.chlor_a.csv,0--,370360.66021,0.629159938453,0.491398006678,0.472052077322,0.222833163704,4.9998167634,0.0506961382926,985680,394201,588659
S20040322004060.MON.chlor_a.csv,5--,16135.1028975,6.60192426249,6.26136080118,1.2492436038,1.56060958163,9.99191665649,5.00163248607,985680,394201,2444
S20040322004060.MON.chlor_a.csv,10--,2950.03957318,11.6143290283,11.3715254689,1.20952455694,1.46294965384,14.9157552719,10.0097034931,985680,394201,254
S20040322004060.MON.chlor_a.csv,15--,993.641583592,17.1317514412,17.0063408524,1.32186008823,1.74731409285,19.8092565139,15.0958833694,985680,394201,58
S20040322004060.MON.chlor_a.csv,20--,915.25879959,21.7918761807,21.5440537333,1.19109804701,1.41871455758,24.7100028992,20.0522753398,985680,394201,42
S20040322004060.MON.chlor_a.csv,25--,388.345749855,27.7389821325,27.9099349976,1.35442767172,1.83447431791,29.1784763336,25.4813861847,985680,394201,14
S20040322004060.MON.chlor_a.csv,30--,195.503411785,32.5839019641,32.3615455627,0.94803635646,0.898772933169,34.4038214833,31.6672668457,985680,394201,6
S20040322004060.MON.chlor_a.csv,35--,0,0,0,0,0,0,0,985680,394201,0
S20040322004060.MON.chlor_a.csv,40--,85.7517967224,42.8758983612,42.8758983612,0.280508041382,0.0786847612799,43.1564064026,42.5953903198,985680,394201,2
S20040322004060.MON.chlor_a.csv,45--,0,0,0,0,0,0,0,985680,394201,0
S20040322004060.MON.chlor_a.csv,50--,0,0,0,0,0,0,0,985680,394201,0
S20040322004060.MON.chlor_a.csv,55--,0,0,0,0,0,0,0,985680,394201,0
S20040322004060.MON.chlor_a.csv,60--,0,0,0,0,0,0,0,985680,394201,0
S20040322004060.MON.chlor_a.csv,65--,0,0,0,0,0,0,0,985680,394201,0
S20040612004091.MON.chlor_a.csv,0--,464214.304066,0.781984758447,0.688415879011,0.469110048618,0.220064237714,4.99473443627,0.121901243925,985680,390783,593636
S20040612004091.MON.chlor_a.csv,5--,7105.10841701,6.42414865914,6.03889848789,1.23676990397,1.52959979536,9.98686274886,5.00001385477,985680,390783,1106
S20040612004091.MON.chlor_a.csv,10--,1201.15933289,11.7760718911,11.651728737,1.3355947562,1.7838133528,14.9895515442,10.0307350159,985680,390783,102
S20040612004091.MON.chlor_a.csv,15--,511.116436474,17.0372145491,16.8297157536,1.43096187166,2.04765187815,19.860881269,15.0278940201,985680,390783,30
S20040612004091.MON.chlor_a.csv,20--,219.343949586,21.9343949586,22.4949519336,1.16628461191,1.36021979598,23.6389484406,20.2235183716,985680,390783,10
S20040612004091.MON.chlor_a.csv,25--,139.229347467,27.8458694935,28.1032123566,1.46850687425,2.15651243971,29.087474823,25.0831394196,985680,390783,5
S20040612004091.MON.chlor_a.csv,30--,63.309715271,31.6548576355,31.6548576355,0.0,0.0,31.6548576355,31.6548576355,985680,390783,2
S20040612004091.MON.chlor_a.csv,35--,38.9679489136,38.9679489136,38.9679489136,0.0,0.0,38.9679489136,38.9679489136,985680,390783,1
S20040612004091.MON.chlor_a.csv,40--,170.715171754,42.6787929386,42.7375640869,0.379340708543,0.143899373158,43.15001297,42.0900306106,985680,390783,4
S20040612004091.MON.chlor_a.csv,45--,0,0,0,0,0,0,0,985680,390783,0
S20040612004091.MON.chlor_a.csv,50--,0,0,0,0,0,0,0,985680,390783,0
S20040612004091.MON.chlor_a.csv,55--,59.1282501221,59.1282501221,59.1282501221,0.0,0.0,59.1282501221,59.1282501221,985680,390783,1
S20040612004091.MON.chlor_a.csv,60--,0,0,0,0,0,0,0,985680,390783,0
S20040612004091.MON.chlor_a.csv,65--,0,0,0,0,0,0,0,985680,390783,0
S20040922004121.MON.chlor_a.csv,0--,687645.066616,1.15789334241,1.02985811085,0.598093845476,0.357716247996,4.99931674451,0.197555407882,985680,389122,593876
S20040922004121.MON.chlor_a.csv,5--,14448.8316227,6.41599983246,6.02227096898,1.25359728446,1.57150615161,9.9893951416,5.00002082189,985680,389122,2252
S20040922004121.MON.chlor_a.csv,10--,3327.09252949,11.9679587392,11.7931823015,1.35373464555,1.83259749057,14.994600296,10.0134999156,985680,389122,278
S20040922004121.MON.chlor_a.csv,15--,1423.13994107,17.3553651351,17.4845735431,1.49447567528,2.23345754399,19.9355439693,15.1175344467,985680,389122,82
S20040922004121.MON.chlor_a.csv,20--,802.432158256,22.926633093,23.1754226685,1.51008975345,2.28037106347,24.863193512,20.0937993526,985680,389122,35
S20040922004121.MON.chlor_a.csv,25--,537.452082515,26.8726041257,26.9757656455,0.707724146832,0.500873468009,28.048730135,25.4742946625,985680,389122,20
S20040922004121.MON.chlor_a.csv,30--,60.6092239022,30.3046119511,30.3046119511,0.0833135545254,0.00694114836765,30.3879255056,30.2212983966,985680,389122,2
S20040922004121.MON.chlor_a.csv,35--,183.855908076,36.7711816152,36.3869781494,0.751587639809,0.564883980313,38.2741279602,36.3869781494,985680,389122,5
S20040922004121.MON.chlor_a.csv,40--,87.1317749023,43.5658874512,43.5658874512,0.0,0.0,43.5658874512,43.5658874512,985680,389122,2
S20040922004121.MON.chlor_a.csv,45--,0,0,0,0,0,0,0,985680,389122,0
S20040922004121.MON.chlor_a.csv,50--,51.8978991508,51.8978991508,51.8978991508,0.0,0.0,51.8978991508,51.8978991508,985680,389122,1
S20040922004121.MON.chlor_a.csv,55--,231.47908783,57.8697719574,57.5931358337,0.479147821383,0.229582634736,58.6996803284,57.5931358337,985680,389122,4
S20040922004121.MON.chlor_a.csv,60--,0,0,0,0,0,0,0,985680,389122,0
S20040922004121.MON.chlor_a.csv,65--,0,0,0,0,0,0,0,985680,389122,0
S20041222004152.MON.chlor_a.csv,0--,548452.674594,0.933739903493,0.73150424026,0.703300885759,0.49463213591,4.9997071709,0.130694523454,985680,392314,587372
S20041222004152.MON.chlor_a.csv,5--,31661.8504318,6.45369963959,6.10169495394,1.23135014878,1.51622318891,9.99422132969,5.00008612871,985680,392314,4906
S20041222004152.MON.chlor_a.csv,10--,7204.04552968,11.9075132722,11.6382552385,1.41043667708,1.98933162006,14.9584948222,10.003695488,985680,392314,605
S20041222004152.MON.chlor_a.csv,15--,3765.55330771,17.0387027498,16.9428567886,1.42882600178,2.04154374335,19.9735965729,15.0277157327,985680,392314,221
S20041222004152.MON.chlor_a.csv,20--,2273.49794061,22.2891954961,21.8962202072,1.50009977843,2.25029934524,24.9264450073,20.0395136327,985680,392314,102
S20041222004152.MON.chlor_a.csv,25--,1938.74981659,27.3063354449,26.7317035198,1.49577781563,2.23735127372,29.8628791571,25.0315234661,985680,392314,71
S20041222004152.MON.chlor_a.csv,30--,1374.61328069,31.9677507138,31.6426989436,1.50330113083,2.25991428996,34.5835914612,30.1059093475,985680,392314,43
S20041222004152.MON.chlor_a.csv,35--,894.555773556,37.2731572315,36.6997146606,1.43485852475,2.05881898604,39.8783187866,35.4821958542,985680,392314,24
S20041222004152.MON.chlor_a.csv,40--,496.793521166,41.3994600972,40.8344432116,1.01740731034,1.03511763513,43.7571372986,40.3347167969,985680,392314,12
S20041222004152.MON.chlor_a.csv,45--,144.620624542,48.2068748474,48.0587768555,0.797705622774,0.636334260606,49.2494544983,47.3123931885,985680,392314,3
S20041222004152.MON.chlor_a.csv,50--,104.920291901,52.4601459503,52.4601459503,1.12870979309,1.27398579702,53.5888557434,51.3314361572,985680,392314,2
S20041222004152.MON.chlor_a.csv,55--,0,0,0,0,0,0,0,985680,392314,0
S20041222004152.MON.chlor_a.csv,60--,0,0,0,0,0,0,0,985680,392314,0
S20041222004152.MON.chlor_a.csv,65--,136.424407959,68.2122039795,68.2122039795,0.0,0.0,68.2122039795,68.2122039795,985680,392314,2
S20041532004182.MON.chlor_a.csv,0--,249859.598663,0.423414774062,0.322514350925,0.389537535912,0.151739491884,4.99893681208,0.138625904918,985680,392459,590106
S20041532004182.MON.chlor_a.csv,5--,12808.7709499,6.75568088074,6.49949013477,1.3197066879,1.74162574208,9.99740219116,5.00275204579,985680,392459,1896
S20041532004182.MON.chlor_a.csv,10--,5344.44518433,12.0099891783,11.6976970037,1.45419259644,2.11467610755,14.9566879272,10.0041570663,985680,392459,445
S20041532004182.MON.chlor_a.csv,15--,4713.18012517,17.4562226858,17.2748672267,1.5531418734,2.4122496789,19.9900074005,15.0137182474,985680,392459,270
S20041532004182.MON.chlor_a.csv,20--,3708.9275854,22.209147218,22.1492074331,1.38644769195,1.92223720252,24.9348073006,20.0033804576,985680,392459,167
S20041532004182.MON.chlor_a.csv,25--,3387.5076424,27.1000611392,26.8500766754,1.48544009553,2.20653227739,29.9503593445,25.0207190911,985680,392459,125
S20041532004182.MON.chlor_a.csv,30--,2473.48093665,32.5458017981,32.7046919763,1.36288377653,1.85745218832,34.9414482117,30.1124990582,985680,392459,76
S20041532004182.MON.chlor_a.csv,35--,1887.885232,37.75770464,38.0135482947,1.58700121493,2.5185728562,39.9778556824,35.0514954329,985680,392459,50
S20041532004182.MON.chlor_a.csv,40--,2074.28202204,42.3322861641,42.3845443726,1.32234345299,1.74859220767,44.7278022766,40.0098419189,985680,392459,49
S20041532004182.MON.chlor_a.csv,45--,418.327097178,46.4807885753,45.5601654053,1.39197876913,1.9376048937,49.5464305878,45.2147532304,985680,392459,9
S20041532004182.MON.chlor_a.csv,50--,208.877552032,52.2193880081,52.3075389862,1.79185348266,3.21073890332,54.0410118103,50.2214622498,985680,392459,4
S20041532004182.MON.chlor_a.csv,55--,464.537198067,58.0671497583,58.3247284889,1.48686238822,2.2107597615,59.8156013489,55.2524490356,985680,392459,8
S20041532004182.MON.chlor_a.csv,60--,312.938655853,62.5877311707,61.9623451233,1.37138519547,1.88069735436,64.5020675659,60.717048645,985680,392459,5
S20041532004182.MON.chlor_a.csv,65--,136.840316772,68.4201583862,68.4201583862,0.0,0.0,68.4201583862,68.4201583862,985680,392459,2
S20041832004213.MON.chlor_a.csv,0--,231316.544503,0.392526984517,0.287584245205,0.40495032563,0.163984766228,4.99751488368,0.0726819932461,985680,393103,589301
S20041832004213.MON.chlor_a.csv,5--,13484.544621,6.83800437168,6.57569889476,1.34034975303,1.79653746045,9.99091768265,5.00007563829,985680,393103,1972
S20041832004213.MON.chlor_a.csv,10--,6614.5129317,12.0923453962,11.9129318297,1.36569178166,1.8651140425,14.971487999,10.00923268,985680,393103,547
S20041832004213.MON.chlor_a.csv,15--,4250.94115601,17.210288081,16.9943370819,1.40954199442,1.98680863402,19.9724900723,15.0076939265,985680,393103,247
S20041832004213.MON.chlor_a.csv,20--,3527.7237015,22.0482731344,21.9710326393,1.45144077767,2.10668033109,24.8363609314,20.0310277939,985680,393103,160
S20041832004213.MON.chlor_a.csv,25--,2323.27783915,27.3326804606,27.4365615845,1.57681271167,2.48633832767,29.969045639,25.0179538727,985680,393103,85
S20041832004213.MON.chlor_a.csv,30--,1933.7401866,32.2290031101,32.193728745,1.39099016328,1.93485363433,34.7685508728,30.1442756653,985680,393103,60
S20041832004213.MON.chlor_a.csv,35--,1224.64833847,37.1105557111,36.8859443665,1.20234672515,1.44563764749,39.3244384527,35.0291252136,985680,393103,33
S20041832004213.MON.chlor_a.csv,40--,1609.52772323,42.3559927167,42.2470909953,1.42187358184,2.02172448273,44.6317422589,40.0386314392,985680,393103,38
S20041832004213.MON.chlor_a.csv,45--,957.582687676,47.8791343838,48.0365943909,1.58998435293,2.52805024256,49.8646202087,45.1321411133,985680,393103,20
S20041832004213.MON.chlor_a.csv,50--,1408.06958163,52.1507252455,51.9610862732,1.38192666954,1.90972131999,54.9453697205,50.1198446751,985680,393103,27
S20041832004213.MON.chlor_a.csv,55--,1304.40274048,56.7131626295,56.8607368469,1.10505084674,1.22113737387,58.9001083374,55.0825157166,985680,393103,23
S20041832004213.MON.chlor_a.csv,60--,372.356503487,62.0594172478,62.4346466064,1.11856410166,1.25118564952,63.6863555908,60.2711086273,985680,393103,6
S20041832004213.MON.chlor_a.csv,65--,347.294219971,69.4588439941,69.7271881104,0.467983067513,0.219008151479,69.7271881104,68.5295562744,985680,393103,5
S20042142004244.MON.chlor_a.csv,0--,233208.137897,0.39365537771,0.296473668888,0.399201173145,0.159361576641,4.99966158186,0.106841675937,985680,390646,592417
S20042142004244.MON.chlor_a.csv,5--,11713.2476007,6.73562254209,6.4310849905,1.36353322279,1.85922284965,9.99396149317,5.00158886909,985680,390646,1739
S20042142004244.MON.chlor_a.csv,10--,5286.48690978,12.2372382171,12.147308141,1.37043675305,1.87809689412,14.9869599342,10.0012735546,985680,390646,432
S20042142004244.MON.chlor_a.csv,15--,3572.00304635,17.173091569,17.3240163803,1.37218287027,1.88288582945,19.9712725639,15.0692790747,985680,390646,208
S20042142004244.MON.chlor_a.csv,20--,1931.26474556,22.4565668088,22.4452235699,1.36383347782,1.86004175521,24.9656365712,20.0209205151,985680,390646,86
S20042142004244.MON.chlor_a.csv,25--,1690.29620744,27.2628420555,27.0977549553,1.39936582649,1.95822471635,29.9408153892,25.0547199249,985680,390646,62
S20042142004244.MON.chlor_a.csv,30--,996.333963927,32.139805288,32.0346536636,1.36261735149,1.85672604658,34.4771493276,30.0812854767,985680,390646,31
S20042142004244.MON.chlor_a.csv,35--,1003.41419084,37.1634885498,37.4436070323,1.34475272671,1.80835989601,39.4669941266,35.012629509,985680,390646,27
S20042142004244.MON.chlor_a.csv,40--,423.788249461,42.3788249461,42.7750245571,1.34450550905,1.80769506388,44.1658923626,40.1013849576,985680,390646,10
S20042142004244.MON.chlor_a.csv,45--,475.703849514,47.5703849514,47.5105981032,1.71028088097,2.92506069181,49.8794898987,45.3857727051,985680,390646,10
S20042142004244.MON.chlor_a.csv,50--,157.114469369,52.3714897898,52.1825141907,1.68821279224,2.85006243187,54.5271204313,50.4048347473,985680,390646,3
S20042142004244.MON.chlor_a.csv,55--,113.375370026,56.6876850128,56.6876850128,0.859182357788,0.738194323934,57.5468673706,55.828502655,985680,390646,2
S20042142004244.MON.chlor_a.csv,60--,0,0,0,0,0,0,0,985680,390646,0
S20042142004244.MON.chlor_a.csv,65--,0,0,0,0,0,0,0,985680,390646,0
S20042452004274.MON.chlor_a.csv,0--,276020.863008,0.469142389264,0.364997906983,0.418840286437,0.175427185543,4.99986791611,0.0010000000475,985680,394864,588352
S20042452004274.MON.chlor_a.csv,5--,11675.9853316,6.74133102286,6.40000612661,1.38914139924,1.92971382709,9.98928372065,5.00021803379,985680,394864,1732
S20042452004274.MON.chlor_a.csv,10--,4695.10887882,12.1634945047,12.0818963647,1.41479844223,2.00165463214,14.9935014248,10.0055986245,985680,394864,386
S20042452004274.MON.chlor_a.csv,15--,2912.40970902,17.0316357252,16.9581234455,1.28865127471,1.6606221078,19.8205535213,15.0051242312,985680,394864,171
S20042452004274.MON.chlor_a.csv,20--,1552.22774738,21.8623626392,21.6176342964,1.30891484137,1.71325806195,24.8683359623,20.0017196536,985680,394864,71
S20042452004274.MON.chlor_a.csv,25--,1124.50552341,27.4269639857,27.6136423747,1.51401772871,2.29224968284,29.9576508999,25.0315261285,985680,394864,41
S20042452004274.MON.chlor_a.csv,30--,525.451112241,30.9088889553,30.6066818237,0.688182524525,0.473595187061,32.5667724609,30.0451660156,985680,394864,17
S20042452004274.MON.chlor_a.csv,35--,490.490452766,37.7300348282,37.9017753601,1.48672110097,2.21033963208,39.6237573624,35.4013290405,985680,394864,13
S20042452004274.MON.chlor_a.csv,40--,427.93056345,42.793056345,43.2235403061,1.37682652758,1.89565128704,44.6643476486,40.6182499826,985680,394864,10
S20042452004274.MON.chlor_a.csv,45--,236.516124487,47.3032248974,46.965007782,1.52640287639,2.32990574106,49.7660598755,45.0389707088,985680,394864,5
S20042452004274.MON.chlor_a.csv,50--,101.457797289,50.7288986444,50.7288986444,0.233923316002,0.0547201177693,50.9628219604,50.4949753284,985680,394864,2
S20042452004274.MON.chlor_a.csv,55--,291.63794899,58.327589798,57.6325149536,0.861946272963,0.742951377475,59.383190155,57.6065387726,985680,394864,5
S20042452004274.MON.chlor_a.csv,60--,125.486671448,62.7433357239,62.7433357239,0.0,0.0,62.7433357239,62.7433357239,985680,394864,2
S20042452004274.MON.chlor_a.csv,65--,136.975982666,68.487991333,68.487991333,0.0,0.0,68.487991333,68.487991333,985680,394864,2
S20042752004305.MON.chlor_a.csv,0--,404229.203909,0.67893636046,0.578508515532,0.442317408063,0.195644689476,4.99966070056,0.121902316809,985680,387722,595386
S20042752004305.MON.chlor_a.csv,5--,12675.111956,6.78176134617,6.45065750395,1.37619407546,1.89391013334,9.9916934967,5.00155317783,985680,387722,1869
S20042752004305.MON.chlor_a.csv,10--,5302.23205461,12.0232019379,11.7852386811,1.41354926406,1.99812152193,14.9763002396,10.0144839287,985680,387722,441
S20042752004305.MON.chlor_a.csv,15--,2737.64929097,16.8990696973,16.5612493157,1.38911425083,1.92963840185,19.9650503794,15.0241786412,985680,387722,162
S20042752004305.MON.chlor_a.csv,20--,1171.83837494,22.5353533642,22.5841776753,1.39357681588,1.94205634175,24.7444972992,20.2276525497,985680,387722,52
S20042752004305.MON.chlor_a.csv,25--,503.280683248,27.9600379582,28.0981280463,1.44396959988,2.08504820537,29.9890575409,25.4121742249,985680,387722,18
S20042752004305.MON.chlor_a.csv,30--,198.263566902,33.0439278169,33.0465164185,0.720295196596,0.51882517024,34.2963377635,32.1942261457,985680,387722,6
S20042752004305.MON.chlor_a.csv,35--,77.0915424347,38.5457712173,38.5457712173,0.690516090393,0.476812471092,39.2362873077,37.855255127,985680,387722,2
S20042752004305.MON.chlor_a.csv,40--,82.3875092506,41.1937546253,41.1937546253,0.41869969368,0.175309433488,41.612454319,40.7750549316,985680,387722,2
S20042752004305.MON.chlor_a.csv,45--,192.464298189,48.1160745472,47.5852380693,1.08351135017,1.17399684594,49.9761981964,47.3176238537,985680,387722,4
S20042752004305.MON.chlor_a.csv,50--,206.20438385,51.5510959625,50.8048229218,1.59525787275,2.54484768057,54.2561273575,50.3386106491,985680,387722,4
S20042752004305.MON.chlor_a.csv,55--,0,0,0,0,0,0,0,985680,387722,0
S20042752004305.MON.chlor_a.csv,60--,122.924324036,61.4621620178,61.4621620178,0.0,0.0,61.4621620178,61.4621620178,985680,387722,2
S20042752004305.MON.chlor_a.csv,65--,0,0,0,0,0,0,0,985680,387722,0
S20043062004335.MON.chlor_a.csv,0--,493493.676528,0.829590757767,0.727858928697,0.477934297501,0.228421192728,4.99990042299,0.00691325496882,985680,387973,594864
S20043062004335.MON.chlor_a.csv,5--,15042.3928728,6.48938432821,6.16260917981,1.24609119459,1.55274326522,9.97977261543,5.00015933173,985680,387973,2318
S20043062004335.MON.chlor_a.csv,10--,3818.2912195,11.9695649514,11.634139061,1.37066609538,1.87872554501,14.9463914235,10.0233141184,985680,387973,319
S20043062004335.MON.chlor_a.csv,15--,1674.6011996,16.9151636323,16.6154518127,1.46883743623,2.15748341406,19.6363190413,15.0419290662,985680,387973,99
S20043062004335.MON.chlor_a.csv,20--,1207.95219081,21.9627671056,21.5809555054,1.34337827498,1.8046651897,24.8722457886,20.1365516484,985680,387973,55
S20043062004335.MON.chlor_a.csv,25--,617.570008665,26.850869942,26.3378612498,1.43223048876,2.05128417294,29.4793640971,25.0049862862,985680,387973,23
S20043062004335.MON.chlor_a.csv,30--,444.373944998,31.7409960713,31.423136731,1.55232483922,2.40971240645,34.7669830322,30.0016317368,985680,387973,14
S20043062004335.MON.chlor_a.csv,35--,109.185498238,36.3951660792,36.1859788895,0.349882525352,0.122417781546,36.8880987167,36.1114206314,985680,387973,3
S20043062004335.MON.chlor_a.csv,40--,207.356909454,41.4713818908,41.1588461399,0.499003390475,0.249004383706,42.395526886,41.0883234888,985680,387973,5
S20043062004335.MON.chlor_a.csv,45--,187.210181683,46.8025454208,47.0770111084,0.976027550414,0.952629779167,47.8526916504,45.2034678161,985680,387973,4
S20043062004335.MON.chlor_a.csv,50--,50.0781326294,50.0781326294,50.0781326294,0.0,0.0,50.0781326294,50.0781326294,985680,387973,1
S20043062004335.MON.chlor_a.csv,55--,0,0,0,0,0,0,0,985680,387973,0
S20043062004335.MON.chlor_a.csv,60--,0,0,0,0,0,0,0,985680,387973,0
S20043062004335.MON.chlor_a.csv,65--,134.481460571,67.2407302856,67.2407302856,0.0,0.0,67.2407302856,67.2407302856,985680,387973,2
S20043362004366.MON.chlor_a.csv,0--,465205.881708,0.837033932026,0.725727488597,0.530086335547,0.280991523134,4.99922114611,0.0010000000475,985680,425389,555779
S20043362004366.MON.chlor_a.csv,5--,23065.968994,6.77414654743,6.50067800283,1.32067699295,1.74418771972,9.9995124851,5.00001402696,985680,425389,3405
S20043362004366.MON.chlor_a.csv,10--,7778.46445278,11.9484861026,11.7436722914,1.40407621209,1.97143000934,14.9901600003,10.0035456916,985680,425389,651
S20043362004366.MON.chlor_a.csv,15--,4741.46230006,17.1792112321,16.994646281,1.42226314833,2.02283246311,19.9925676982,15.0105324507,985680,425389,276
S20043362004366.MON.chlor_a.csv,20--,1945.02795001,21.8542466293,21.6050884326,1.35904221908,1.84699575323,24.9711513519,20.0419387817,985680,425389,89
S20043362004366.MON.chlor_a.csv,25--,1167.18396631,27.1438131699,27.1615447998,1.4087984926,1.98471319276,29.6860904694,25.0968210697,985680,425389,43
S20043362004366.MON.chlor_a.csv,30--,459.890279214,32.8493056581,33.5332050323,1.67452530357,2.80403499228,34.7288703918,30.1878976822,985680,425389,14
S20043362004366.MON.chlor_a.csv,35--,145.519234657,36.3798086643,36.4654541016,0.751547102059,0.564823046613,37.1852493286,35.4030771255,985680,425389,4
S20043362004366.MON.chlor_a.csv,40--,724.306856612,42.6062856831,42.8090250492,1.13568528631,1.28978106954,44.9388577143,40.6604881287,985680,425389,17
S20043362004366.MON.chlor_a.csv,45--,290.219188601,48.3698647668,48.2705031857,1.40273646781,1.96766959813,49.9119862318,45.6724090576,985680,425389,6
S20043362004366.MON.chlor_a.csv,50--,51.8177146912,51.8177146912,51.8177146912,0.0,0.0,51.8177146912,51.8177146912,985680,425389,1
S20043362004366.MON.chlor_a.csv,55--,57.9559135437,57.9559135437,57.9559135437,0.0,0.0,57.9559135437,57.9559135437,985680,425389,1
S20043362004366.MON.chlor_a.csv,60--,0,0,0,0,0,0,0,985680,425389,0
S20043362004366.MON.chlor_a.csv,65--,68.1015625,68.1015625,68.1015625,0.0,0.0,68.1015625,68.1015625,985680,425389,1
S20050012005031.MON.chlor_a.csv,0--,201764.523244,0.549043014782,0.451028235257,0.422762113253,0.178727804402,4.99878299236,0.0010000000475,985680,617035,367484
S20050012005031.MON.chlor_a.csv,5--,5996.67541719,6.33228660738,6.01116347313,1.16158514025,1.34928003806,9.98257958889,5.00034666061,985680,617035,947
S20050012005031.MON.chlor_a.csv,10--,1351.42049753,11.9594734295,11.5875159204,1.42040415521,2.01754796415,14.7379739761,10.0585756302,985680,617035,113
S20050012005031.MON.chlor_a.csv,15--,550.268135364,17.1958792301,17.090467304,1.71122726456,2.92829875097,19.7892303467,15.1546001434,985680,617035,32
S20050012005031.MON.chlor_a.csv,20--,567.356299726,21.8213961433,21.8800868988,1.32469741102,1.75482323077,24.317615509,20.0112366279,985680,617035,26
S20050012005031.MON.chlor_a.csv,25--,379.188475162,27.084891083,27.2595539093,0.92788299836,0.860966858646,28.4842243195,25.891002655,985680,617035,14
S20050012005031.MON.chlor_a.csv,30--,95.7002081424,31.9000693808,30.4160327911,2.09874467216,4.40472919891,34.8681425601,30.4160327911,985680,617035,3
S20050012005031.MON.chlor_a.csv,35--,154.841194153,38.7102985382,38.7102985382,0.293004989624,0.0858519239446,39.0033035278,38.4172935486,985680,617035,4
S20050012005031.MON.chlor_a.csv,40--,343.162284851,42.8952856064,42.3873596191,0.991313710562,0.982702872748,44.7105407715,41.8514289856,985680,617035,8
S20050012005031.MON.chlor_a.csv,45--,94.3308639526,47.1654319763,47.1654319763,0.0,0.0,47.1654319763,47.1654319763,985680,617035,2
S20050012005031.MON.chlor_a.csv,50--,0,0,0,0,0,0,0,985680,617035,0
S20050012005031.MON.chlor_a.csv,55--,55.044670105,55.044670105,55.044670105,0.0,0.0,55.044670105,55.044670105,985680,617035,1
S20050012005031.MON.chlor_a.csv,60--,310.406455994,62.0812911987,62.231552124,0.184031297623,0.0338675185048,62.231552124,61.8558998108,985680,617035,5
S20050012005031.MON.chlor_a.csv,65--,135.971664429,67.9858322144,67.9858322144,0.0,0.0,67.9858322144,67.9858322144,985680,617035,2
S20050322005059.MON.chlor_a.csv,0--,146443.993875,0.452122993226,0.372648507357,0.354648057797,0.125775244899,4.99951505661,0.0010000000475,985680,660656,323903
S20050322005059.MON.chlor_a.csv,5--,5254.84542672,6.86907898918,6.73829029004,1.27988184132,1.63809752773,9.98775855133,5.00496160984,985680,660656,765
S20050322005059.MON.chlor_a.csv,10--,2276.40970127,12.1733139105,12.095723182,1.47684482733,2.18107064402,14.9227333069,10.0017010144,985680,660656,187
S20050322005059.MON.chlor_a.csv,15--,1534.98574817,17.0553972019,16.7143595298,1.24553663267,1.55136150333,19.521654129,15.0037486553,985680,660656,90
S20050322005059.MON.chlor_a.csv,20--,1155.93386564,22.6653699145,22.7095535472,1.13085375222,1.27883020891,24.9913635254,20.4072603683,985680,660656,51
S20050322005059.MON.chlor_a.csv,25--,378.529479255,27.0378199468,26.4704904556,1.42851238483,2.04064763362,29.7492103577,25.2740135193,985680,660656,14
S20050322005059.MON.chlor_a.csv,30--,125.795455883,31.4488639707,30.9165864935,1.52550755266,2.32717329321,33.8825912476,30.0796916485,985680,660656,4
S20050322005059.MON.chlor_a.csv,35--,38.5810121894,38.5810121894,38.5810121894,0.0,0.0,38.5810121894,38.5810121894,985680,660656,1
S20050322005059.MON.chlor_a.csv,40--,40.5188789368,40.5188789368,40.5188789368,0.0,0.0,40.5188789368,40.5188789368,985680,660656,1
S20050322005059.MON.chlor_a.csv,45--,0,0,0,0,0,0,0,985680,660656,0
S20050322005059.MON.chlor_a.csv,50--,0,0,0,0,0,0,0,985680,660656,0
S20050322005059.MON.chlor_a.csv,55--,222.996353149,55.7490882874,55.7490882874,0.277294158936,0.0768920505798,56.0263824463,55.4717941284,985680,660656,4
S20050322005059.MON.chlor_a.csv,60--,0,0,0,0,0,0,0,985680,660656,0
S20050322005059.MON.chlor_a.csv,65--,268.138061523,67.0345153809,67.0345153809,1.94805908203,3.79493418708,68.9825744629,65.0864562988,985680,660656,4
S20050602005090.MON.chlor_a.csv,0--,238423.944233,0.680439456483,0.564926922321,0.450788138286,0.203209945619,4.99551486969,0.0010000000475,985680,633610,350397
S20050602005090.MON.chlor_a.csv,5--,6652.29240596,6.78805347547,6.4846162796,1.39635240775,1.94980004664,9.93189907074,5.00150251389,985680,633610,980
S20050602005090.MON.chlor_a.csv,10--,3640.08786821,12.2561881084,11.9429841042,1.36606265527,1.86612717811,14.924612244,10.0495357513,985680,633610,297
S20050602005090.MON.chlor_a.csv,15--,2083.5416156,17.219352195,17.090845108,1.38358879091,1.91431794234,19.7586898804,15.0910162926,985680,633610,121
S20050602005090.MON.chlor_a.csv,20--,2667.40885341,22.4152004488,22.3099503517,1.55172579049,2.40785292888,24.9382553101,20.1165046692,985680,633610,119
S20050602005090.MON.chlor_a.csv,25--,1408.50939122,27.0867190619,26.820775032,1.26758736097,1.60677771769,29.7257089615,25.1170902252,985680,633610,52
S20050602005090.MON.chlor_a.csv,30--,987.356890559,32.911896352,32.346950531,1.40864105431,1.9842696199,34.9315781593,30.8035125732,985680,633610,30
S20050602005090.MON.chlor_a.csv,35--,674.615367413,37.4786315229,37.5957336426,1.28533540088,1.65208709276,39.7500084043,35.0210988522,985680,633610,18
S20050602005090.MON.chlor_a.csv,40--,467.839896202,42.5308996547,42.0967445374,1.80176035183,3.24634036542,44.958026886,40.2336540222,985680,633610,11
S20050602005090.MON.chlor_a.csv,45--,334.643192291,47.8061703273,47.5341262817,0.848882942864,0.720602250686,49.8664550781,47.3415184021,985680,633610,7
S20050602005090.MON.chlor_a.csv,50--,720.921445608,51.494388972,50.6866444349,1.32091577683,1.74481848948,53.3768386841,50.0491371155,985680,633610,14
S20050602005090.MON.chlor_a.csv,55--,341.535839081,56.9226398468,56.2190093994,1.82496187416,3.33048584214,59.5441589355,55.1257133484,985680,633610,6
S20050602005090.MON.chlor_a.csv,60--,305.612033844,61.1224067688,61.3395996094,1.04585179552,1.0938059782,62.8594169617,60.0367088318,985680,633610,5
S20050602005090.MON.chlor_a.csv,65--,271.703094482,67.9257736206,67.9257736206,0.0,0.0,67.9257736206,67.9257736206,985680,633610,4
S20050912005120.MON.chlor_a.csv,0--,568567.880269,0.96584670992,0.848975680768,0.581541735739,0.338190790406,4.99900625149,0.211137771606,985680,392407,588673
S20050912005120.MON.chlor_a.csv,5--,24659.2378935,6.40832585589,6.06842285395,1.20538246092,1.4529468771,9.99990367889,5.00022736192,985680,392407,3848
S20050912005120.MON.chlor_a.csv,10--,4997.58388788,11.9559423155,11.6899893284,1.36286192325,1.85739262185,14.9759089947,10.0157518387,985680,392407,418
S20050912005120.MON.chlor_a.csv,15--,3268.89536271,17.387741291,17.3424980372,1.35212054962,1.82822998071,19.995528996,15.08603701,985680,392407,188
S20050912005120.MON.chlor_a.csv,20--,1260.77172431,22.1188021809,22.2488689423,1.40538389383,1.97510388905,24.9760222137,20.0395765305,985680,392407,57
S20050912005120.MON.chlor_a.csv,25--,1413.34076166,27.179630032,27.1210893393,1.35297634896,1.83054500085,29.9172224998,25.2555522919,985680,392407,52
S20050912005120.MON.chlor_a.csv,30--,384.841989001,32.0701657501,32.2161036928,1.31143430874,1.71985994614,33.4603483975,30.1441955566,985680,392407,12
S20050912005120.MON.chlor_a.csv,35--,225.277601242,37.5462668737,37.7211953402,1.78714788286,3.1938975552,39.2988357544,35.093984127,985680,392407,6
S20050912005120.MON.chlor_a.csv,40--,166.715087295,41.6787718236,41.020860523,1.89582971577,3.5941703112,44.6464042664,40.0269619823,985680,392407,4
S20050912005120.MON.chlor_a.csv,45--,47.116645813,47.116645813,47.116645813,0.0,0.0,47.116645813,47.116645813,985680,392407,1
S20050912005120.MON.chlor_a.csv,50--,105.717498779,52.8587493896,52.8587493896,0.0,0.0,52.8587493896,52.8587493896,985680,392407,2
S20050912005120.MON.chlor_a.csv,55--,283.380889893,56.6761779785,56.7190704346,0.0525323155744,0.0027596441796,56.7190704346,56.6118392944,985680,392407,5
S20050912005120.MON.chlor_a.csv,60--,125.503898621,62.7519493103,62.7519493103,0.0,0.0,62.7519493103,62.7519493103,985680,392407,2
S20050912005120.MON.chlor_a.csv,65--,0,0,0,0,0,0,0,985680,392407,0
S20051212005151.MON.chlor_a.csv,0--,483859.283157,0.832106793716,0.560989630222,0.737148029298,0.543387217098,4.99971577525,0.129483446479,985680,398970,581487
S20051212005151.MON.chlor_a.csv,5--,28172.9658843,6.07437815531,5.76772904992,1.0103314254,1.02076958916,9.99772930145,5.00000801682,985680,398970,4638
S20051212005151.MON.chlor_a.csv,10--,3856.57451237,12.2043497227,12.0301005602,1.45523302458,2.11770315582,14.9974075854,10.007799983,985680,398970,316
S20051212005151.MON.chlor_a.csv,15--,2471.32046277,17.1619476581,16.7734274864,1.53672622479,2.36152748995,19.9676843882,15.0043134689,985680,398970,144
S20051212005151.MON.chlor_a.csv,20--,1799.92016228,21.9502458815,21.7135724823,1.205682736,1.45367085989,24.5995044708,20.002573061,985680,398970,82
S20051212005151.MON.chlor_a.csv,25--,631.886047746,26.3285853227,26.1618972172,0.879748398717,0.773957245045,29.187287569,25.3679684699,985680,398970,24
S20051212005151.MON.chlor_a.csv,30--,220.733822952,31.5334032788,30.7839179238,1.22886292077,1.51010407805,33.5006795724,30.5439537764,985680,398970,7
S20051212005151.MON.chlor_a.csv,35--,36.3792686462,36.3792686462,36.3792686462,0.0,0.0,36.3792686462,36.3792686462,985680,398970,1
S20051212005151.MON.chlor_a.csv,40--,81.7006468773,40.8503234386,40.8503234386,0.182961463928,0.0334748972828,41.0332849026,40.6673619747,985680,398970,2
S20051212005151.MON.chlor_a.csv,45--,0,0,0,0,0,0,0,985680,398970,0
S20051212005151.MON.chlor_a.csv,50--,101.266736031,50.6333680153,50.6333680153,0.0867943763733,0.00753326377003,50.7201623917,50.5465736389,985680,398970,2
S20051212005151.MON.chlor_a.csv,55--,0,0,0,0,0,0,0,985680,398970,0
S20051212005151.MON.chlor_a.csv,60--,123.350135803,61.6750679016,61.6750679016,0.0,0.0,61.6750679016,61.6750679016,985680,398970,2
S20051212005151.MON.chlor_a.csv,65--,0,0,0,0,0,0,0,985680,398970,0
S20051522005181.MON.chlor_a.csv,0--,94694.4719074,0.302996131238,0.2441765517,0.302334343024,0.0914060549717,4.99327588081,0.0623417422175,985680,672690,312527
S20051522005181.MON.chlor_a.csv,5--,2228.58815521,6.47845393956,6.13793641329,1.27148623953,1.61667725731,9.95954275131,5.00215566158,985680,672690,344
S20051522005181.MON.chlor_a.csv,10--,791.93507115,11.8199264351,11.2954559326,1.26492472145,1.60003455094,14.8517234325,10.0362596512,985680,672690,67
S20051522005181.MON.chlor_a.csv,15--,337.929584742,16.0918849877,16.1070098877,1.05657730338,1.11635559801,19.8594534397,15.0479755402,985680,672690,21
S20051522005181.MON.chlor_a.csv,20--,363.340970755,21.3729982797,22.0038430691,0.80362548092,0.645813913584,22.1267991066,20.0932326317,985680,672690,17
S20051522005181.MON.chlor_a.csv,25--,108.271022797,27.0677556992,27.0677556992,0.0122003555298,0.000148848675053,27.0799560547,27.0555553436,985680,672690,4
S20051522005181.MON.chlor_a.csv,30--,33.7710667849,33.7710667849,33.7710667849,0.0,0.0,33.7710667849,33.7710667849,985680,672690,1
S20051522005181.MON.chlor_a.csv,35--,222.43126297,37.0718771617,37.2016353607,1.54621032937,2.39076638265,38.5961532593,35.0285682678,985680,672690,6
S20051522005181.MON.chlor_a.csv,40--,0,0,0,0,0,0,0,985680,672690,0
S20051522005181.MON.chlor_a.csv,45--,0,0,0,0,0,0,0,985680,672690,0
S20051522005181.MON.chlor_a.csv,50--,103.086784363,51.5433921814,51.5433921814,0.0,0.0,51.5433921814,51.5433921814,985680,672690,2
S20051522005181.MON.chlor_a.csv,55--,0,0,0,0,0,0,0,985680,672690,0
S20051522005181.MON.chlor_a.csv,60--,64.078086853,64.078086853,64.078086853,0.0,0.0,64.078086853,64.078086853,985680,672690,1
S20051522005181.MON.chlor_a.csv,65--,0,0,0,0,0,0,0,985680,672690,0
S20051822005212.MON.chlor_a.csv,0--,177913.992981,0.34589122291,0.278687616189,0.32102856775,0.103059341312,4.98936367035,0.0608968250453,985680,469933,514364
S20051822005212.MON.chlor_a.csv,5--,6604.44043235,6.65770204874,6.24656057358,1.37356101526,1.88666986263,9.97417068481,5.00029325485,985680,469933,992
S20051822005212.MON.chlor_a.csv,10--,2241.32637073,11.9857025173,11.7111253738,1.47228839504,2.16763311816,14.9265317917,10.0290336609,985680,469933,187
S20051822005212.MON.chlor_a.csv,15--,1539.19618511,16.9142437924,16.7364406586,1.15587349781,1.33604354294,19.6043395996,15.1580247879,985680,469933,91
S20051822005212.MON.chlor_a.csv,20--,1199.83121777,22.6383248635,23.0786018372,1.26227837018,1.59334668381,24.654258728,20.2662296295,985680,469933,53
S20051822005212.MON.chlor_a.csv,25--,513.1984694,27.0104457579,26.8699092865,1.11669913509,1.24701695831,29.289680481,25.4361038208,985680,469933,19
S20051822005212.MON.chlor_a.csv,30--,477.815162023,31.8543441349,31.3652324677,1.22429857359,1.4989069973,33.5190422535,30.0281829834,985680,469933,15
S20051822005212.MON.chlor_a.csv,35--,154.41946137,38.6048653424,38.3988020122,0.761421796105,0.579763151583,39.7204399109,37.9014174342,985680,469933,4
S20051822005212.MON.chlor_a.csv,40--,0,0,0,0,0,0,0,985680,469933,0
S20051822005212.MON.chlor_a.csv,45--,90.1278617382,45.0639308691,45.0639308691,0.0,0.0,45.0639308691,45.0639308691,985680,469933,2
S20051822005212.MON.chlor_a.csv,50--,310.312805176,51.7188008626,51.4711723328,0.809566119926,0.655397302533,52.8106575012,50.8745727539,985680,469933,6
S20051822005212.MON.chlor_a.csv,55--,0,0,0,0,0,0,0,985680,469933,0
S20051822005212.MON.chlor_a.csv,60--,0,0,0,0,0,0,0,985680,469933,0
S20051822005212.MON.chlor_a.csv,65--,273.161605835,68.2904014587,68.2904014587,1.50012588501,2.25037767088,69.7905273438,66.7902755737,985680,469933,4
S20052132005243.MON.chlor_a.csv,0--,237632.235126,0.40371488807,0.290454952667,0.394396579754,0.155548662122,4.99496412277,0.0739980489016,985680,394813,588614
S20052132005243.MON.chlor_a.csv,5--,10009.3875274,6.77225137168,6.40023952723,1.38425443608,1.91616034381,9.9887313962,5.00082445145,985680,394813,1478
S20052132005243.MON.chlor_a.csv,10--,4370.7008803,12.0737593378,11.8921200335,1.38349185191,1.91404970429,14.9687464237,10.0030860901,985680,394813,362
S20052132005243.MON.chlor_a.csv,15--,2398.99446891,17.3840178907,17.2243022919,1.49853018711,2.24559272167,19.9092483521,15.0106882254,985680,394813,138
S20052132005243.MON.chlor_a.csv,20--,2989.09505024,22.3066794794,22.1871113777,1.43196815933,2.05053280935,24.9627056122,20.0017967224,985680,394813,134
S20052132005243.MON.chlor_a.csv,25--,1679.33576988,27.5300945882,27.3633232117,1.41889734214,2.01326966752,29.9432798227,25.0756759644,985680,394813,61
S20052132005243.MON.chlor_a.csv,30--,1155.97299389,32.1103609414,31.9846076965,1.54206604601,2.37796769025,34.7940216064,30.1150267919,985680,394813,36
S20052132005243.MON.chlor_a.csv,35--,823.832066655,37.4469121207,37.5749969482,1.67032952518,2.7900007227,39.7840118408,35.0347671509,985680,394813,22
S20052132005243.MON.chlor_a.csv,40--,216.338108063,43.2676216125,44.1944618225,1.36477443153,1.86260924896,44.7233085632,41.6129379272,985680,394813,5
S20052132005243.MON.chlor_a.csv,45--,144.056224823,48.0187416077,48.0187416077,0.0,0.0,48.0187416077,48.0187416077,985680,394813,3
S20052132005243.MON.chlor_a.csv,50--,207.000453472,51.750113368,52.0170772076,0.476387194165,0.226944758764,52.0406394005,50.9256596565,985680,394813,4
S20052132005243.MON.chlor_a.csv,55--,176.632066727,58.8773555756,58.8212747574,0.0793102536539,0.00629011633464,58.9895172119,58.8212747574,985680,394813,3
S20052132005243.MON.chlor_a.csv,60--,123.542756081,61.7713780403,61.7713780403,1.20524168015,1.45260750756,62.9766197205,60.5661363602,985680,394813,2
S20052132005243.MON.chlor_a.csv,65--,335.095497131,67.0190994263,65.038520813,2.425703499,5.88403746508,69.9899673462,65.038520813,985680,394813,5
S20052442005273.MON.chlor_a.csv,0--,277393.818689,0.472997803237,0.381075156587,0.384307983191,0.147692625945,4.99885892868,0.0848430022597,985680,397279,586459
S20052442005273.MON.chlor_a.csv,5--,7241.3857122,6.78667826823,6.45476579666,1.39540755612,1.94716224768,9.98481959105,5.00255449613,985680,397279,1067
S20052442005273.MON.chlor_a.csv,10--,4648.45890952,12.2006795525,12.2112416029,1.41116561712,1.99138839893,14.9757003784,10.0183392366,985680,397279,381
S20052442005273.MON.chlor_a.csv,15--,3453.36309518,17.4412277534,17.5715649128,1.38032544347,1.90529832988,19.9654458364,15.0696497858,985680,397279,198
S20052442005273.MON.chlor_a.csv,20--,2791.78287992,22.3342630393,22.2450962067,1.42009781851,2.01667781413,24.9975849787,20.0075511932,985680,397279,125
S20052442005273.MON.chlor_a.csv,25--,1622.00814637,27.0334691062,26.9555031061,1.43928924774,2.07155353867,29.8280105591,25.1055774689,985680,397279,60
S20052442005273.MON.chlor_a.csv,30--,1226.03009325,32.2639498224,32.3153119286,1.53203538932,2.34713243413,34.7930831909,30.0013628006,985680,397279,38
S20052442005273.MON.chlor_a.csv,35--,820.885343393,37.3129701542,37.6865982413,1.16071734459,1.34726475403,39.7795753479,35.1398843129,985680,397279,22
S20052442005273.MON.chlor_a.csv,40--,625.766243378,41.7177495586,41.5038305918,1.27544676891,1.62676446033,43.9338231087,40.107960701,985680,397279,15
S20052442005273.MON.chlor_a.csv,45--,565.879162431,47.1565968692,46.885455519,1.30734858771,1.70916032977,49.2071037292,45.4098205566,985680,397279,12
S20052442005273.MON.chlor_a.csv,50--,262.71217219,52.5424344381,53.1385269165,0.897705569893,0.805875290217,53.5149714152,51.3378334045,985680,397279,5
S20052442005273.MON.chlor_a.csv,55--,118.452886581,59.2264432907,59.2264432907,0.750344276428,0.563016533169,59.9767875671,58.4760990143,985680,397279,2
S20052442005273.MON.chlor_a.csv,60--,0,0,0,0,0,0,0,985680,397279,0
S20052442005273.MON.chlor_a.csv,65--,202.105697632,67.3685658773,67.1561813354,0.300357099494,0.0902143872162,67.7933349609,67.1561813354,985680,397279,3
S20052742005304.MON.chlor_a.csv,0--,354515.155156,0.596825855774,0.457380101085,0.466366610833,0.2174978157,4.99875211716,0.0379355177283,985680,389116,594001
S20052742005304.MON.chlor_a.csv,5--,12087.6987276,6.71538818202,6.28809406757,1.40799827936,1.98245915468,9.99900627136,5.00123820986,985680,389116,1800
S20052742005304.MON.chlor_a.csv,10--,5747.40924436,12.1767145008,12.0473774076,1.43232166176,2.05154534275,14.9786007762,10.0107165972,985680,389116,472
S20052742005304.MON.chlor_a.csv,15--,2897.71036827,17.2482760016,16.9692535132,1.50112197996,2.25336719871,19.9471950531,15.0035431609,985680,389116,168
S20052742005304.MON.chlor_a.csv,20--,1567.19142646,22.0731186826,21.7908753753,1.52360133526,2.32136102882,24.9821739197,20.0267208644,985680,389116,71
S20052742005304.MON.chlor_a.csv,25--,598.765547134,27.2166157788,26.7833277424,1.41511930483,2.0025626469,29.4004497528,25.0101836324,985680,389116,22
S20052742005304.MON.chlor_a.csv,30--,518.132595261,32.3832872038,32.653169632,0.982074904678,0.964471118399,33.991355896,30.4302408695,985680,389116,16
S20052742005304.MON.chlor_a.csv,35--,228.546690504,38.091115084,37.9578533173,0.701626354365,0.492279541139,39.5279430151,37.1873342196,985680,389116,6
S20052742005304.MON.chlor_a.csv,40--,124.437732379,41.4792441262,41.8453178406,0.80007495519,0.640119933923,42.2233924866,40.3690220515,985680,389116,3
S20052742005304.MON.chlor_a.csv,45--,47.4038826525,47.4038826525,47.4038826525,0.0,0.0,47.4038826525,47.4038826525,985680,389116,1
S20052742005304.MON.chlor_a.csv,50--,53.6581058502,53.6581058502,53.6581058502,0.0,0.0,53.6581058502,53.6581058502,985680,389116,1
S20052742005304.MON.chlor_a.csv,55--,57.8804931641,57.8804931641,57.8804931641,0.0,0.0,57.8804931641,57.8804931641,985680,389116,1
S20052742005304.MON.chlor_a.csv,60--,0,0,0,0,0,0,0,985680,389116,0
S20052742005304.MON.chlor_a.csv,65--,0,0,0,0,0,0,0,985680,389116,0
S20053052005334.MON.chlor_a.csv,0--,569164.920852,1.03117433003,0.875915849581,0.554884374418,0.307896668973,4.99966842681,0.0479273162782,985680,424859,551958
S20053052005334.MON.chlor_a.csv,5--,42253.6562336,6.96910048385,6.69883306324,1.42982169747,2.04439008655,9.99959114194,5.00065347883,985680,424859,6063
S20053052005334.MON.chlor_a.csv,10--,23118.8946987,12.0536468711,11.8638007641,1.40572229844,1.97605518033,14.9991718829,10.0034352541,985680,424859,1918
S20053052005334.MON.chlor_a.csv,15--,8552.50811268,17.0708744764,16.841714859,1.43679953232,2.06439289608,19.9956247807,15.0008204248,985680,424859,501
S20053052005334.MON.chlor_a.csv,20--,4440.41400471,21.9822475481,21.8415184021,1.31288800982,1.72367492633,24.9499695897,20.0056124926,985680,424859,202
S20053052005334.MON.chlor_a.csv,25--,2232.74788968,27.228632801,27.3043823242,1.54792971066,2.39608638914,29.9252605438,25.1113834381,985680,424859,82
S20053052005334.MON.chlor_a.csv,30--,1272.11564783,31.8028911957,31.5709788948,1.35200148197,1.82790800726,34.5889412562,30.167623202,985680,424859,40
S20053052005334.MON.chlor_a.csv,35--,876.437711845,36.5182379935,36.438952893,1.22017151574,1.48881852783,39.8508291245,35.1506125033,985680,424859,24
S20053052005334.MON.chlor_a.csv,40--,297.713677158,42.5305253083,42.155082345,1.04016472796,1.0819426613,44.2658527195,41.2808446884,985680,424859,7
S20053052005334.MON.chlor_a.csv,45--,519.4237007,47.2203364273,46.739842087,1.54892055615,2.39915488925,49.7675895691,45.1186408997,985680,424859,11
S20053052005334.MON.chlor_a.csv,50--,458.509020487,50.9454467208,50.1672592163,1.55486775556,2.41761373727,54.8200302124,50.1433868408,985680,424859,9
S20053052005334.MON.chlor_a.csv,55--,59.628326416,59.628326416,59.628326416,0.0,0.0,59.628326416,59.628326416,985680,424859,1
S20053052005334.MON.chlor_a.csv,60--,62.6482791901,62.6482791901,62.6482791901,0.0,0.0,62.6482791901,62.6482791901,985680,424859,1
S20053052005334.MON.chlor_a.csv,65--,200.288223267,66.7627410889,66.7627410889,0.0,0.0,66.7627410889,66.7627410889,985680,424859,3
S20053352005365.MON.chlor_a.csv,0--,255962.708439,0.711685601667,0.53301576674,0.58506842469,0.342305061569,4.99698277882,0.0123692182824,985680,623907,359657
S20053352005365.MON.chlor_a.csv,5--,10705.8709744,6.66202300837,6.33826011419,1.31936756978,1.74073078417,9.99505028874,5.00450585783,985680,623907,1607
S20053352005365.MON.chlor_a.csv,10--,3346.88876349,12.2149224945,12.0300673097,1.45342517726,2.11244474588,14.9999523163,10.0009481907,985680,623907,274
S20053352005365.MON.chlor_a.csv,15--,1971.23928589,17.1412111817,17.1562417746,1.47796616644,2.18438398914,19.8725191355,15.0480127335,985680,623907,115
S20053352005365.MON.chlor_a.csv,20--,1511.67108523,22.2304571357,22.235880211,1.48105466473,2.19352291992,24.9090309143,20.0578395724,985680,623907,68
S20053352005365.MON.chlor_a.csv,25--,442.716254044,27.6697658777,28.1206684113,1.51904161014,2.30748741333,29.6674792469,25.0091636479,985680,623907,16
S20053352005365.MON.chlor_a.csv,30--,487.531099305,32.502073287,32.6240796596,1.1000772546,1.21016996609,33.8969917297,30.019990921,985680,623907,15
S20053352005365.MON.chlor_a.csv,35--,186.538092295,37.3076184591,37.8861083984,0.726835816155,0.528290303646,37.9305712382,36.4176521301,985680,623907,5
S20053352005365.MON.chlor_a.csv,40--,211.006065369,42.2012130737,43.320098877,1.37034964917,1.87785816098,43.320098877,40.5228843689,985680,623907,5
S20053352005365.MON.chlor_a.csv,45--,141.994489908,47.3314966361,47.8753318787,1.49234035152,2.22707972477,48.825592041,45.2935659885,985680,623907,3
S20053352005365.MON.chlor_a.csv,50--,53.8604383469,53.8604383469,53.8604383469,0.0,0.0,53.8604383469,53.8604383469,985680,623907,1
S20053352005365.MON.chlor_a.csv,55--,58.546749115,58.546749115,58.546749115,0.0,0.0,58.546749115,58.546749115,985680,623907,1
S20053352005365.MON.chlor_a.csv,60--,61.0848808289,61.0848808289,61.0848808289,0.0,0.0,61.0848808289,61.0848808289,985680,623907,1
S20053352005365.MON.chlor_a.csv,65--,0,0,0,0,0,0,0,985680,623907,0
S20060012006031.MON.chlor_a.csv,0--,296076.0397,0.582240025211,0.479158882052,0.419664667461,0.176118433115,4.99717955589,0.0214473642409,985680,475538,508512
S20060012006031.MON.chlor_a.csv,5--,8690.15405785,6.68987995216,6.35011814038,1.32342200145,1.75144579391,9.99297204614,5.0001933078,985680,475538,1299
S20060012006031.MON.chlor_a.csv,10--,2238.77863184,12.0364442572,11.7906850576,1.46806860132,2.15522541818,14.8822250366,10.0629666646,985680,475538,186
S20060012006031.MON.chlor_a.csv,15--,984.0944378,16.9671454793,16.934735775,1.37221304658,1.88296864519,19.8495311737,15.0388660431,985680,475538,58
S20060012006031.MON.chlor_a.csv,20--,837.371723242,22.6316681957,22.4415789247,1.53876388289,2.3677942873,24.9858894348,20.0652008057,985680,475538,37
S20060012006031.MON.chlor_a.csv,25--,330.612298429,27.5510248691,26.846157074,1.48670045739,2.21027825001,29.5993709564,25.8088226318,985680,475538,12
S20060012006031.MON.chlor_a.csv,30--,338.146059543,33.8146059543,33.8358039856,0.693724781093,0.481254071903,34.9555003494,32.8792762756,985680,475538,10
S20060012006031.MON.chlor_a.csv,35--,297.689125896,37.2111407369,36.7641530633,0.874523419951,0.764791212043,39.2833695412,36.6274185181,985680,475538,8
S20060012006031.MON.chlor_a.csv,40--,339.990706116,42.4988382645,42.7450752258,1.12228512732,1.259523907,43.7494049072,40.7172648013,985680,475538,8
S20060012006031.MON.chlor_a.csv,45--,233.653793335,46.730758667,45.7798461914,1.16462517762,1.35635180434,48.1571273804,45.7798461914,985680,475538,5
S20060012006031.MON.chlor_a.csv,50--,0,0,0,0,0,0,0,985680,475538,0
S20060012006031.MON.chlor_a.csv,55--,168.183933258,56.061311086,55.1493835449,1.28966029652,1.66322368042,57.8851661682,55.1493835449,985680,475538,3
S20060012006031.MON.chlor_a.csv,60--,129.015396118,64.5076980591,64.5076980591,0.0,0.0,64.5076980591,64.5076980591,985680,475538,2
S20060012006031.MON.chlor_a.csv,65--,0,0,0,0,0,0,0,985680,475538,0
S20060322006059.MON.chlor_a.csv,0--,311488.494826,0.554140543107,0.467376053333,0.374240227897,0.140055748177,4.99819402184,0.02227470465,985680,422794,562111
S20060322006059.MON.chlor_a.csv,5--,3705.66681145,6.52406128776,6.11689662933,1.25995247911,1.58748024961,9.98593270034,5.00032949448,985680,422794,568
S20060322006059.MON.chlor_a.csv,10--,1419.11301233,12.0263814604,11.8409888819,1.42557031593,2.03225072565,14.9416041374,10.0009207428,985680,422794,118
S20060322006059.MON.chlor_a.csv,15--,625.738582715,17.3816272976,17.0025262758,1.47037105337,2.1619910346,19.8602390289,15.0655300617,985680,422794,36
S20060322006059.MON.chlor_a.csv,20--,654.303641915,22.5621945488,22.8031035662,1.52123717728,2.31416254953,24.8352012634,20.056230545,985680,422794,29
S20060322006059.MON.chlor_a.csv,25--,270.707931459,27.0707931459,26.8271569709,1.31631807157,1.73269326554,28.8761359453,25.0676803589,985680,422794,10
S20060322006059.MON.chlor_a.csv,30--,94.6317572594,31.5439190865,32.186126709,0.908218729639,0.824861260866,32.186126709,30.2595038414,985680,422794,3
S20060322006059.MON.chlor_a.csv,35--,222.249435186,37.0415725311,36.7938051224,1.227318083,1.50630967686,39.5066871643,35.5675275326,985680,422794,6
S20060322006059.MON.chlor_a.csv,40--,0,0,0,0,0,0,0,985680,422794,0
S20060322006059.MON.chlor_a.csv,45--,46.1073036194,46.1073036194,46.1073036194,0.0,0.0,46.1073036194,46.1073036194,985680,422794,1
S20060322006059.MON.chlor_a.csv,50--,0,0,0,0,0,0,0,985680,422794,0
S20060322006059.MON.chlor_a.csv,55--,174.524108887,58.1747029622,58.9249458313,1.0610036405,1.12572872515,58.9249458313,56.6742172241,985680,422794,3
S20060322006059.MON.chlor_a.csv,60--,0,0,0,0,0,0,0,985680,422794,0
S20060322006059.MON.chlor_a.csv,65--,0,0,0,0,0,0,0,985680,422794,0
S20060602006090.MON.chlor_a.csv,0--,446651.030546,0.806360294175,0.639405133824,0.640198871091,0.409854594546,4.99919509888,0.0897195711732,985680,426096,553910
S20060602006090.MON.chlor_a.csv,5--,31277.072671,6.43693613316,6.10145998001,1.23759383408,1.53163849815,9.98558413982,5.00139784813,985680,426096,4859
S20060602006090.MON.chlor_a.csv,10--,5768.76323229,11.869883194,11.5968532562,1.41820689421,2.01131079479,14.9989224275,10.0000812411,985680,426096,486
S20060602006090.MON.chlor_a.csv,15--,2734.14692478,16.9822790359,16.8960056305,1.30889406484,1.71320367297,19.8159008026,15.008751591,985680,426096,161
S20060602006090.MON.chlor_a.csv,20--,1442.56989868,22.1933830566,22.1260890961,1.04824220987,1.09881173055,24.7930168311,20.0330657005,985680,426096,65
S20060602006090.MON.chlor_a.csv,25--,1389.98287685,26.7304399394,26.2577819824,1.35267942708,1.82974163245,29.8005371094,25.052071174,985680,426096,52
S20060602006090.MON.chlor_a.csv,30--,629.477586349,31.4738793174,30.4848090708,1.50136050866,2.25408337696,34.8465543687,30.0701013803,985680,426096,20
S20060602006090.MON.chlor_a.csv,35--,217.708063722,36.2846772869,36.1161231995,0.715347494192,0.511722037446,37.1484375,35.0628191233,985680,426096,6
S20060602006090.MON.chlor_a.csv,40--,170.068242391,42.5170605977,42.6132628123,2.12033103381,4.49580369295,44.6330223083,40.208694458,985680,426096,4
S20060602006090.MON.chlor_a.csv,45--,192.255170345,48.0637925863,48.0079672337,0.65484184195,0.428817837969,48.8255085945,47.4137272835,985680,426096,4
S20060602006090.MON.chlor_a.csv,50--,264.15880394,52.831760788,51.7627468109,1.76309255798,3.10849536801,54.9774436951,51.2205848694,985680,426096,5
S20060602006090.MON.chlor_a.csv,55--,0,0,0,0,0,0,0,985680,426096,0
S20060602006090.MON.chlor_a.csv,60--,252.413955688,63.1034889221,63.1034889221,0.982051849365,0.964425834842,64.0855407715,62.1214370728,985680,426096,4
S20060602006090.MON.chlor_a.csv,65--,134.21913147,67.1095657349,67.1095657349,1.78875732422,3.19965276495,68.8983230591,65.3208084106,985680,426096,2
S20060912006120.MON.chlor_a.csv,0--,577558.798258,1.02294311644,0.899842679501,0.606770502442,0.368170442634,4.9978800416,0.102632239461,985680,419836,564605
S20060912006120.MON.chlor_a.csv,5--,6339.58995877,6.42309013046,6.11690956354,1.24787642402,1.55719556962,9.9979095459,5.00552332401,985680,419836,987
S20060912006120.MON.chlor_a.csv,10--,1669.16210278,11.5914034915,11.2545318604,1.19564639932,1.42957031222,14.4072160721,10.0432434082,985680,419836,144
S20060912006120.MON.chlor_a.csv,15--,717.880199641,17.0923857057,16.3474762738,1.61401206023,2.60503493057,19.9384841919,15.0234680176,985680,419836,42
S20060912006120.MON.chlor_a.csv,20--,583.030341066,22.4242438872,22.482599169,1.454655047,2.11602130577,24.693731308,20.3232059479,985680,419836,26
S20060912006120.MON.chlor_a.csv,25--,216.589432975,27.0736791218,27.0774584313,1.27147302299,1.61664364819,28.3451271057,25.7827174266,985680,419836,8
S20060912006120.MON.chlor_a.csv,30--,152.49665451,30.4993309021,30.5217456818,0.0448295593262,0.00200968938938,30.5217456818,30.4096717834,985680,419836,5
S20060912006120.MON.chlor_a.csv,35--,392.893485576,39.2893485576,39.0147209167,0.367079667266,0.13474748212,39.7462235689,38.9420509338,985680,419836,10
S20060912006120.MON.chlor_a.csv,40--,384.916667938,42.7685186598,42.5004615784,0.542642162265,0.294460516268,43.3428878784,42.0218658447,985680,419836,9
S20060912006120.MON.chlor_a.csv,45--,98.9044515491,49.4522257745,49.4522257745,0.00765424966812,5.85875379819e-05,49.4598800242,49.4445715249,985680,419836,2
S20060912006120.MON.chlor_a.csv,50--,0,0,0,0,0,0,0,985680,419836,0
S20060912006120.MON.chlor_a.csv,55--,0,0,0,0,0,0,0,985680,419836,0
S20060912006120.MON.chlor_a.csv,60--,0,0,0,0,0,0,0,985680,419836,0
S20060912006120.MON.chlor_a.csv,65--,134.618560791,67.3092803955,67.3092803955,0.0,0.0,67.3092803955,67.3092803955,985680,419836,2
S20061212006151.MON.chlor_a.csv,0--,527922.114805,0.910870138385,0.803926125169,0.500121205401,0.250121220092,4.99897642136,0.118991971016,985680,403933,579580
S20061212006151.MON.chlor_a.csv,5--,9923.13069585,6.60661164837,6.24599972367,1.28414797942,1.64903603304,9.99100756645,5.00057172775,985680,403933,1502
S20061212006151.MON.chlor_a.csv,10--,4409.04504461,12.2473473461,12.1556453109,1.38493024168,1.91803177433,14.9866418839,10.0025033951,985680,403933,360
S20061212006151.MON.chlor_a.csv,15--,2617.53102195,17.2205988286,16.9424875081,1.50757223534,2.27277404478,19.9945907195,15.0142507553,985680,403933,152
S20061212006151.MON.chlor_a.csv,20--,1554.79714807,22.533292001,22.7139509171,1.45345525038,2.11253216486,24.9372577667,20.1443978945,985680,403933,69
S20061212006151.MON.chlor_a.csv,25--,1005.89902299,27.1864600807,26.8930467963,1.50833492306,2.27507424012,29.8563948125,25.0596951544,985680,403933,37
S20061212006151.MON.chlor_a.csv,30--,279.692432404,31.0769369337,31.1337909698,0.75849295942,0.575311569489,32.0483207703,30.2097492218,985680,403933,9
S20061212006151.MON.chlor_a.csv,35--,367.746898353,36.7746898353,36.0882377625,1.535897038,2.35897971134,39.0341300964,35.0616870522,985680,403933,10
S20061212006151.MON.chlor_a.csv,40--,523.550615668,43.6292179724,43.8640703559,1.16413979739,1.35522146788,44.9115031958,41.9719518423,985680,403933,12
S20061212006151.MON.chlor_a.csv,45--,184.025799066,46.0064497665,46.031146884,0.317240844512,0.100641753427,46.321762085,45.6417432129,985680,403933,4
S20061212006151.MON.chlor_a.csv,50--,208.935638428,52.2339096069,52.2339096069,0.298263549805,0.0889611451421,52.5321731567,51.9356460571,985680,403933,4
S20061212006151.MON.chlor_a.csv,55--,173.254470825,57.7514902751,57.0549125671,0.985109641796,0.97044100636,59.1446456909,57.0549125671,985680,403933,3
S20061212006151.MON.chlor_a.csv,60--,64.9261474609,64.9261474609,64.9261474609,0.0,0.0,64.9261474609,64.9261474609,985680,403933,1
S20061212006151.MON.chlor_a.csv,65--,0,0,0,0,0,0,0,985680,403933,0
S20061522006181.MON.chlor_a.csv,0--,242767.776189,0.428696410142,0.346800307433,0.314168930344,0.0987021167935,4.98590087891,0.112300761044,985680,418525,566293
S20061522006181.MON.chlor_a.csv,5--,4107.59418183,6.5303564099,6.21169197559,1.25685358538,1.57968093509,9.9317483902,5.00028951963,985680,418525,629
S20061522006181.MON.chlor_a.csv,10--,1465.58706658,12.0130087424,11.782781601,1.42154507698,2.02079040589,14.9545660019,10.0040903091,985680,418525,122
S20061522006181.MON.chlor_a.csv,15--,871.48889327,17.0880175151,16.5221996307,1.5842543163,2.50986173872,19.8257236481,15.0727462769,985680,418525,51
S20061522006181.MON.chlor_a.csv,20--,784.385265132,22.4110075752,22.4393768311,1.42079572226,2.01866048439,24.9894981384,20.3445491791,985680,418525,35
S20061522006181.MON.chlor_a.csv,25--,225.074726105,28.1343407631,28.5877895355,1.28005565889,1.63854248985,29.9284343719,25.3718528748,985680,418525,8
S20061522006181.MON.chlor_a.csv,30--,66.1065678596,33.0532839298,33.0532839298,0.703476190567,0.494878750695,33.7567601204,32.3498077393,985680,418525,2
S20061522006181.MON.chlor_a.csv,35--,77.5934729576,38.7967364788,38.7967364788,1.15437054634,1.33257135826,39.9511070251,37.6423659325,985680,418525,2
S20061522006181.MON.chlor_a.csv,40--,80.8473052979,40.4236526489,40.4236526489,0.0,0.0,40.4236526489,40.4236526489,985680,418525,2
S20061522006181.MON.chlor_a.csv,45--,92.916633606,46.458316803,46.458316803,0.0,0.0,46.458316803,46.458316803,985680,418525,2
S20061522006181.MON.chlor_a.csv,50--,53.31457901,53.31457901,53.31457901,0.0,0.0,53.31457901,53.31457901,985680,418525,1
S20061522006181.MON.chlor_a.csv,55--,114.920658112,57.4603290558,57.4603290558,2.359998703,5.56959387818,59.8203277588,55.1003303528,985680,418525,2
S20061522006181.MON.chlor_a.csv,60--,60.0275115967,60.0275115967,60.0275115967,0.0,0.0,60.0275115967,60.0275115967,985680,418525,1
S20061522006181.MON.chlor_a.csv,65--,0,0,0,0,0,0,0,985680,418525,0
S20061822006212.MON.chlor_a.csv,0--,125025.419764,0.412391051167,0.338013857603,0.321309006894,0.103239477911,4.99788856506,0.0010000000475,985680,681800,303172
S20061822006212.MON.chlor_a.csv,5--,3442.04974754,6.89789528565,6.59711122513,1.43233773023,2.05159137343,9.89754581451,5.01105904579,985680,681800,499
S20061822006212.MON.chlor_a.csv,10--,1280.38258902,12.3113710483,12.1220932007,1.46831513451,2.15594933423,14.9584541321,10.0287259817,985680,681800,104
S20061822006212.MON.chlor_a.csv,15--,600.716973702,17.1633421058,16.7009825706,1.54464934932,2.38594161235,19.888885498,15.1699662209,985680,681800,35
S20061822006212.MON.chlor_a.csv,20--,351.04217275,21.9401357969,21.7061716715,1.24979220351,1.56198055195,23.7707490921,20.205783844,985680,681800,16
S20061822006212.MON.chlor_a.csv,25--,321.103862286,26.7586551905,26.4096775055,0.942533370667,0.888369154821,28.8644795418,25.6911511421,985680,681800,12
S20061822006212.MON.chlor_a.csv,30--,292.858005524,32.5397783915,32.4499473572,0.336174238905,0.113013118903,33.0069923401,32.1437492371,985680,681800,9
S20061822006212.MON.chlor_a.csv,35--,149.494982243,37.3737455606,36.7915408611,1.54194566152,2.37759642307,39.9629106522,35.9489898682,985680,681800,4
S20061822006212.MON.chlor_a.csv,40--,0,0,0,0,0,0,0,985680,681800,0
S20061822006212.MON.chlor_a.csv,45--,623.551303864,47.9654849126,47.6459999084,1.26055245166,1.58899248338,49.6506843567,45.9368896484,985680,681800,13
S20061822006212.MON.chlor_a.csv,50--,0,0,0,0,0,0,0,985680,681800,0
S20061822006212.MON.chlor_a.csv,55--,292.690010071,58.5380020142,58.1287460327,0.501234164361,0.251235687523,59.1518859863,58.1287460327,985680,681800,5
S20061822006212.MON.chlor_a.csv,60--,188.834037781,62.9446792603,62.9446792603,0.0,0.0,62.9446792603,62.9446792603,985680,681800,3
S20061822006212.MON.chlor_a.csv,65--,0,0,0,0,0,0,0,985680,681800,0
S20062132006243.MON.chlor_a.csv,0--,236341.261571,0.399701099403,0.282458090782,0.423214064372,0.179110144282,4.99706339836,0.0825699865818,985680,392068,591295
S20062132006243.MON.chlor_a.csv,5--,9832.68871876,6.77182418647,6.45490473509,1.37234291847,1.88332508588,9.98491954803,5.00021314621,985680,392068,1452
S20062132006243.MON.chlor_a.csv,10--,4843.74486538,12.231678953,12.0507081747,1.44598045057,2.09085946343,14.9804239273,10.0063907504,985680,392068,396
S20062132006243.MON.chlor_a.csv,15--,3067.04423782,17.2305856057,17.0847702026,1.44757403523,2.09547058748,19.9837360382,15.026368618,985680,392068,178
S20062132006243.MON.chlor_a.csv,20--,2417.32745409,22.804975982,23.1574718952,1.53710428341,2.36268957809,24.9632233381,20.0134010315,985680,392068,106
S20062132006243.MON.chlor_a.csv,25--,1872.14276002,27.1325037684,26.7845058441,1.4850283073,2.2053090735,29.9763832092,25.0482006073,985680,392068,69
S20062132006243.MON.chlor_a.csv,30--,1401.21711516,32.5864445387,32.5122146606,1.63812874232,2.68346577642,34.9987945557,30.0544223785,985680,392068,43
S20062132006243.MON.chlor_a.csv,35--,928.780091286,37.1512036514,36.8914580345,1.30207598389,1.69540186783,39.8777980804,35.2433700562,985680,392068,25
S20062132006243.MON.chlor_a.csv,40--,635.810917139,42.3873944759,42.8297080994,1.25628097782,1.57824189524,44.6802685261,40.1232795715,985680,392068,15
S20062132006243.MON.chlor_a.csv,45--,377.889758348,47.2362197936,47.1972293854,0.978068754432,0.956618488396,49.4552001953,46.0570237637,985680,392068,8
S20062132006243.MON.chlor_a.csv,50--,102.829189301,51.4145946503,51.4145946503,0.507753372192,0.257813486973,51.9223480225,50.9068412781,985680,392068,2
S20062132006243.MON.chlor_a.csv,55--,399.812613487,57.116087641,57.1750030518,1.07627105253,1.15835937851,58.4588775635,55.2765111923,985680,392068,7
S20062132006243.MON.chlor_a.csv,60--,126.232265472,63.1161327362,63.1161327362,0.680799484253,0.463487937759,63.7969322205,62.435333252,985680,392068,2
S20062132006243.MON.chlor_a.csv,65--,337.216369629,67.4432739258,66.9509963989,1.28115353138,1.64135437096,69.660118103,65.8150939941,985680,392068,5
S20062442006273.MON.chlor_a.csv,0--,375883.778016,0.632981063663,0.42864578714,0.568944781168,0.323698164018,4.99889489114,0.0868443697691,985680,388379,593831
S20062442006273.MON.chlor_a.csv,5--,16695.6562764,6.54218506128,6.18476915359,1.28546365989,1.65241682091,9.99680811167,5.00286275148,985680,388379,2552
S20062442006273.MON.chlor_a.csv,10--,6306.72548089,12.1283182325,12.0579845607,1.35786266536,1.84379101799,14.9335178137,10.0032192866,985680,388379,520
S20062442006273.MON.chlor_a.csv,15--,3199.25656364,17.1083238697,17.0338571866,1.42285985011,2.02453015305,19.9778345227,15.0024724603,985680,388379,187
S20062442006273.MON.chlor_a.csv,20--,2625.49799677,22.2499830235,22.1985362271,1.57117115193,2.46857878864,24.8634681702,20.0128827095,985680,388379,118
S20062442006273.MON.chlor_a.csv,25--,1224.31365113,27.2069700251,27.1103825569,1.49203339894,2.22616366354,29.8627587557,25.0801579952,985680,388379,45
S20062442006273.MON.chlor_a.csv,30--,984.481952965,31.7574823537,31.2788791656,1.19818208461,1.43564030787,34.8274386724,30.0818386078,985680,388379,31
S20062442006273.MON.chlor_a.csv,35--,186.140639067,37.2281278133,37.6524734497,0.934600991381,0.873479013089,38.3704938889,36.0952854156,985680,388379,5
S20062442006273.MON.chlor_a.csv,40--,212.597167492,42.5194334984,42.2379717827,1.26897190505,1.61028969581,44.9322662354,41.4521255493,985680,388379,5
S20062442006273.MON.chlor_a.csv,45--,46.7154502869,46.7154502869,46.7154502869,0.0,0.0,46.7154502869,46.7154502869,985680,388379,1
S20062442006273.MON.chlor_a.csv,50--,103.496734858,51.7483674288,51.7483674288,1.63635623455,2.67766172635,53.3847236633,50.1120111942,985680,388379,2
S20062442006273.MON.chlor_a.csv,55--,0,0,0,0,0,0,0,985680,388379,0
S20062442006273.MON.chlor_a.csv,60--,186.280639648,62.0935465495,60.9161338806,1.66511296482,2.7726011856,64.4483718872,60.9161338806,985680,388379,3
S20062442006273.MON.chlor_a.csv,65--,65.9273452759,65.9273452759,65.9273452759,0.0,0.0,65.9273452759,65.9273452759,985680,388379,1
S20062742006304.MON.chlor_a.csv,0--,374771.923505,0.630148374244,0.516529312357,0.435688044003,0.189824071687,4.99880894025,0.0877532213926,985680,389034,594736
S20062742006304.MON.chlor_a.csv,5--,9500.20128778,6.61573905834,6.28851519525,1.31606609968,1.73202997873,9.98825996518,5.00184488297,985680,389034,1436
S20062742006304.MON.chlor_a.csv,10--,3760.02104827,11.9365747564,11.6724948883,1.39244703754,1.93890875234,14.9241277948,10.0092333555,985680,389034,315
S20062742006304.MON.chlor_a.csv,15--,1376.41827531,17.2052284414,17.0033980211,1.42897449678,2.04196811244,19.710201025,15.0664536953,985680,389034,80
S20062742006304.MON.chlor_a.csv,20--,800.064140536,22.2240039038,21.7945019479,1.48986452008,2.21969628821,24.744890213,20.04429245,985680,389034,36
S20062742006304.MON.chlor_a.csv,25--,629.434064997,27.3666984781,27.4842300415,1.54066798588,2.37365784271,29.9062786102,25.1732463837,985680,389034,23
S20062742006304.MON.chlor_a.csv,30--,159.908468227,31.9816936453,32.0499964754,0.792316490716,0.627765421461,33.0943491459,30.6239013672,985680,389034,5
S20062742006304.MON.chlor_a.csv,35--,108.633679569,36.2112265229,35.4554569125,1.07143527619,1.14797355106,37.7264633179,35.4517593384,985680,389034,3
S20062742006304.MON.chlor_a.csv,40--,251.877255619,41.9795426031,41.7896441817,0.350697046022,0.122988418088,42.5203173161,41.6658003926,985680,389034,6
S20062742006304.MON.chlor_a.csv,45--,143.263572693,47.754524231,47.4252653122,1.36361282347,1.85943993233,49.5647087097,46.273598671,985680,389034,3
S20062742006304.MON.chlor_a.csv,50--,50.0390281677,50.0390281677,50.0390281677,0.0,0.0,50.0390281677,50.0390281677,985680,389034,1
S20062742006304.MON.chlor_a.csv,55--,0,0,0,0,0,0,0,985680,389034,0
S20062742006304.MON.chlor_a.csv,60--,0,0,0,0,0,0,0,985680,389034,0
S20062742006304.MON.chlor_a.csv,65--,0,0,0,0,0,0,0,985680,389034,0
S20063052006334.MON.chlor_a.csv,0--,506864.648397,0.939893169208,0.753680874904,0.602262371055,0.362719963589,4.99926066399,0.0380633212626,985680,440252,539279
S20063052006334.MON.chlor_a.csv,5--,32316.2179388,6.74237803855,6.45377421379,1.3218002926,1.74715601353,9.98635480801,5.0008443892,985680,440252,4793
S20063052006334.MON.chlor_a.csv,10--,9792.23095135,11.8693708501,11.6592952609,1.35831059504,1.8450076726,14.9426413774,10.0001363754,985680,440252,825
S20063052006334.MON.chlor_a.csv,15--,4508.75696338,17.2089960434,17.2314190865,1.39120368847,1.93544770281,19.9416885376,15.0089638233,985680,440252,262
S20063052006334.MON.chlor_a.csv,20--,2819.85034667,22.2035460368,21.7976970673,1.45561706884,2.11882105108,24.8952887058,20.0750389099,985680,440252,127
S20063052006334.MON.chlor_a.csv,25--,1336.39690156,27.2734061542,27.1482050021,1.42131132071,2.02012587039,29.9140697271,25.018857345,985680,440252,49
S20063052006334.MON.chlor_a.csv,30--,773.71163395,32.2379847479,31.6025433938,1.65682383976,2.745065236,34.8888080915,30.0130811532,985680,440252,24
S20063052006334.MON.chlor_a.csv,35--,871.249434441,37.8804101931,38.0914039612,1.45752219659,2.12437095354,39.8635253906,35.1442909241,985680,440252,23
S20063052006334.MON.chlor_a.csv,40--,294.575839996,42.0822628566,41.2187347412,1.39975015036,1.95930048343,44.9025535583,40.530002594,985680,440252,7
S20063052006334.MON.chlor_a.csv,45--,618.243259117,47.5571737782,48.0312694311,1.42506443983,2.03080865767,49.8290976584,45.1105311513,985680,440252,13
S20063052006334.MON.chlor_a.csv,50--,421.934204102,52.7417755127,52.7064094543,0.756517414611,0.57231859861,53.8837661743,51.8775444031,985680,440252,8
S20063052006334.MON.chlor_a.csv,55--,286.689620972,57.3379241943,56.5592803955,1.31115622806,1.71913065439,58.9323883057,56.1327819824,985680,440252,5
S20063052006334.MON.chlor_a.csv,60--,62.2465858459,62.2465858459,62.2465858459,0.0,0.0,62.2465858459,62.2465858459,985680,440252,1
S20063052006334.MON.chlor_a.csv,65--,465.907791138,66.5582558768,65.8973464966,1.20521702157,1.45254806908,69.0731048584,65.4516143799,985680,440252,7
S20063352006365.MON.chlor_a.csv,0--,398591.510344,0.802040175995,0.696927375027,0.493900298277,0.243937504638,4.99997115135,0.0198108125478,985680,486709,496972
S20063352006365.MON.chlor_a.csv,5--,9744.85103361,6.60220259729,6.20212697983,1.35273209056,1.82988410882,9.99534893036,5.00037117004,985680,486709,1476
S20063352006365.MON.chlor_a.csv,10--,3629.18743108,12.0171769241,11.7305648327,1.40992180595,1.98787949888,14.9988500699,10.0024273396,985680,486709,302
S20063352006365.MON.chlor_a.csv,15--,1777.87965192,17.0949966531,16.7935658693,1.51752247983,2.30287447678,19.9684751034,15.0925781727,985680,486709,104
S20063352006365.MON.chlor_a.csv,20--,1181.46515514,21.8789843545,21.5139039159,1.41588048479,2.0047175472,24.8452854156,20.0298290253,985680,486709,54
S20063352006365.MON.chlor_a.csv,25--,610.287982712,26.5342601179,26.1071224213,1.29206904533,1.6694424179,29.83536309,25.1319805682,985680,486709,23
S20063352006365.MON.chlor_a.csv,30--,770.983780056,32.124324169,31.9332172473,1.20484884107,1.45166072982,34.1450013816,30.2298339605,985680,486709,24
S20063352006365.MON.chlor_a.csv,35--,273.759243011,39.1084632874,39.2415962219,0.537928874647,0.289367474179,39.8251342773,38.5419273376,985680,486709,7
S20063352006365.MON.chlor_a.csv,40--,169.401714325,42.3504285812,41.6568908691,1.20124255432,1.4429836743,44.4310417175,41.6568908691,985680,486709,4
S20063352006365.MON.chlor_a.csv,45--,96.0112166107,48.0056083053,48.0056083053,0.0175737887621,0.000308838051455,48.0231820941,47.9880345166,985680,486709,2
S20063352006365.MON.chlor_a.csv,50--,52.404083252,52.404083252,52.404083252,0.0,0.0,52.404083252,52.404083252,985680,486709,1
S20063352006365.MON.chlor_a.csv,55--,0,0,0,0,0,0,0,985680,486709,0
S20063352006365.MON.chlor_a.csv,60--,0,0,0,0,0,0,0,985680,486709,0
S20063352006365.MON.chlor_a.csv,65--,136.112998962,68.0564994812,68.0564994812,1.83977890015,3.38478640142,69.8962783813,66.2167205811,985680,486709,2
