Month YMonth fileLAC sumLAC meanLAC medianLAC stdLAC varLAC maxLAC minLAC totalpixLAC nanpixLAC statipixLAC percentLAC fileGAC sumGAC meanGAC medianGAC stdGAC varGAC maxGAC minGAC totalpixGAC nanpixGAC statipixGAC percentGAC sumDIFF meanDIFF medianDIFF stdDIFF varDIFF maxDIFF minDIFF totalpixDIFF nanpixDIFF statipixDIFF percentDIFF
Jan 03Jan S20030012003031.MON.chlor_a.csv 272064.272808 0.5727741252 0.4621169497 0.6081202039 0.3698101824 60.3289375305 0.0180891398 985680 510686 474994 100 S20030012003031.MON.chlor_a.csv 186318.7097 0.490979092 0.428804881 0.332174249 0.110339732 9.845061302 0.137289628 985680 606196 379484 100 85745.563108 0.0817950332 0.0333120687 0.2759459549 0.2594704504 50.4838762285 -0.1192004882 0 -95510 95510 0
Feb 03Feb S20030322003059.MON.chlor_a.csv 339136.483116 0.5728337493 0.4659842551 0.6056698249 0.3668359367 42.3421418667 0.0319777131 985680 393647 592033 100 S20030322003059.MON.chlor_a.csv 285709.3137 0.511935785 0.43793944 0.446565283 0.199420552 20.0573597 0.112124309 985680 427584 558096 100 53427.169416 0.0608979643 0.0280448151 0.1591045419 0.1674153847 22.2847821667 -0.0801465959 0 -33937 33937 0
Mar 03Mar S20030602003090.MON.chlor_a.csv 535248.09292 0.9023884388 0.7585778201 0.7303772368 0.5334509081 64.4377593994 0.116979003 985680 392534 593146 100 S20030602003090.MON.chlor_a.csv 470579.2244 0.826820719 0.723615217 0.550501 0.303051351 18.24465164 0.179079637 985680 416537 569143 100 64668.86852 0.0755677198 0.0349626031 0.1798762368 0.2303995571 46.1931077594 -0.062100634 0 -24003 24003 0
Apr 03Apr S20030912003120.MON.chlor_a.csv 978632.699888 1.6502329572 1.3376885734 1.3025605045 1.696663868 79.2592163086 0.2144225836 985680 392653 593027 100 S20030912003120.MON.chlor_a.csv 982099.8089 1.744240434 1.327869371 1.738466619 3.022266186 46.17442918 0.310583003 985680 422627 563053 100 -3467.1090119999 -0.0940074768 0.0098192024 -0.4359061145 -1.325602318 33.0847871286 -0.0961604194 0 -29974 29974 0
May 03May S20031212003151.MON.chlor_a.csv 492078.071096 0.857618032 0.7565330863 0.7376704863 0.5441577464 85.0576248169 0.1003779694 985680 411907 573773 100 S20031212003151.MON.chlor_a.csv 443009.4716 0.816995865 0.759394765 0.400582222 0.160466117 9.047087669 0.182216555 985680 443438 542242 100 49068.599496 0.040622167 -0.0028616787 0.3370882643 0.3836916294 76.0105371479 -0.0818385856 0 -31531 31531 0
Jun 03Jun S20031522003181.MON.chlor_a.csv 222100.803013 0.3891535075 0.3297422398 0.5259769128 0.2766517128 93.276725769 0.0548414327 985680 414952 570728 100 S20031522003181.MON.chlor_a.csv 152936.4334 0.357268014 0.333365515 0.156452972 0.024477533 3.774416447 0.110452443 985680 557608 428072 100 69164.369613 0.0318854935 -0.0036232752 0.3695239408 0.2521741798 89.502309322 -0.0556110103 0 -142656 142656 0
Jul 03Jul S20031822003212.MON.chlor_a.csv 215035.243516 0.4116941088 0.2906671173 0.8879359569 0.7884302636 99.5339050293 0.0645734072 985680 463362 522318 100 S20031822003212.MON.chlor_a.csv 107515.9306 0.344977173 0.287366688 0.279665188 0.078212617 11.28640938 0.114869721 985680 674019 311661 100 107519.312916 0.0667169358 0.0033004293 0.6082707689 0.7102176466 88.2474956493 -0.0502963138 0 -210657 210657 0
Aug 03Aug S20032132003243.MON.chlor_a.csv 236350.77959 0.3994267263 0.2648979525 1.0363284373 1.0739766299 96.9158096313 0.0655615628 985680 393955 591725 100 S20032132003243.MON.chlor_a.csv 179303.3256 0.348003675 0.267105982 0.404241876 0.163411495 21.86490594 0.071765415 985680 470446 515234 100 57047.45399 0.0514230513 -0.0022080295 0.6320865613 0.9105651349 75.0509036913 -0.0062038522 0 -76491 76491 0
Sep 03Sep S20032442003273.MON.chlor_a.csv 390179.891592 0.6545917593 0.4433286463 1.0239873429 1.0485500785 79.9346313477 0.1320169121 985680 389614 596066 100 S20032442003273.MON.chlor_a.csv 339032.2787 0.591208879 0.435584381 0.706085067 0.498556121 40.69525909 0.095680311 985680 412224 573456 100 51147.612892 0.0633828803 0.0077442653 0.3179022759 0.5499939575 39.2393722577 0.0363366011 0 -22610 22610 0
Oct 03Oct S20032742003304.MON.chlor_a.csv 459127.792764 0.7678518388 0.5498346495 0.8692636109 0.7556192252 90.6375274658 0.1502837241 985680 387742 597938 100 S20032742003304.MON.chlor_a.csv 397119.4378 0.6821471 0.527064924 0.745360599 0.555562423 62.19617081 0.207579985 985680 403519 582161 100 62008.354964 0.0857047388 0.0227697255 0.1239030119 0.2000568022 28.4413566558 -0.0572962609 0 -15777 15777 0
Nov 03Nov S20033052003334.MON.chlor_a.csv 609641.20545 1.0199376392 0.8018793906 1.0276822478 1.0561308024 85.957069397 0.1114724651 985680 387956 597724 100 S20033052003334.MON.chlor_a.csv 501863.0858 0.910326657 0.760059714 0.759401369 0.576690439 62.4197731 0.096322306 985680 434380 551300 100 107778.11965 0.1096109822 0.0418196766 0.2682808788 0.4794403634 23.537296297 0.0151501591 0 -46424 46424 0
Dec 03Dec S20033352003365.MON.chlor_a.csv 381892.937595 0.6912314566 0.5749722272 0.7179052454 0.5153879413 95.7752151489 0.0213370491 985680 433198 552482 100 S20033352003365.MON.chlor_a.csv 246600.6269 0.596817049 0.505860413 0.470325989 0.221206536 17.78706551 0.103960656 985680 572487 413193 100 135292.310695 0.0944144076 0.0691118142 0.2475792564 0.2941814053 77.9881496389 -0.0826236069 0 -139289 139289 0
Jan 04Jan S20040012004031.MON.chlor_a.csv 317532.916538 0.5709329363 0.4737286766 0.6283096396 0.3947730032 76.4833831787 0.001 985680 429515 556165 100 S20040012004031.MON.chlor_a.csv 240090.2409 0.530348244 0.474291166 0.34105384 0.116317722 17.9478569 0.134443015 985680 532977 452703 100 77442.675638 0.0405846923 -0.0005624894 0.2872557996 0.2784552812 58.5355262787 -0.133443015 0 -103462 103462 0
Feb 04Feb S20040322004060.MON.chlor_a.csv 392024.304022 0.6627865132 0.4922679748 0.7208077071 0.5195637506 43.1564064026 0.0506961383 985680 394201 591479 100 S20040322004060.MON.chlor_a.csv 332731.6796 0.598231689 0.474758431 0.533227218 0.284331266 27.93608665 0.125192002 985680 429488 556192 100 59292.624422 0.0645548242 0.0175095438 0.1875804891 0.2352324846 15.2203197526 -0.0744958637 0 -35287 35287 0
Mar 04Mar S20040612004091.MON.chlor_a.csv 473722.382635 0.7963099203 0.6889781985 0.5939514781 0.3527783584 59.1282501221 0.1219012439 985680 390783 594897 100 S20040612004091.MON.chlor_a.csv 393407.7756 0.694673993 0.61818473 0.415000859 0.172225713 14.93787289 0.23388277 985680 419360 566320 100 80314.607035 0.1016359273 0.0707934685 0.1789506191 0.1805526454 44.1903772321 -0.1119815261 0 -28577 28577 0
Apr 04Apr S20040922004121.MON.chlor_a.csv 708896.459142 1.1883110429 1.0324507214 0.8174538242 0.6682307547 97.4702987671 0.1975554079 985680 389122 596558 100 S20040922004121.MON.chlor_a.csv 590954.8672 1.023213425 0.90027528 0.553624707 0.306500316 26.72142601 0.278717756 985680 408132 577548 100 117941.591942 0.1650976179 0.1321754414 0.2638291172 0.3617304387 70.7488727571 -0.0811623481 0 -19010 19010 0
May 04May S20041222004152.MON.chlor_a.csv 598701.547316 1.0089920004 0.7369503612 1.1663888371 1.3604629194 89.2646102905 0.1306945235 985680 392314 593366 100 S20041222004152.MON.chlor_a.csv 458613.9915 0.79979699 0.613328144 0.801236228 0.641979494 34.46195602 0.138613418 985680 412267 573413 100 140087.555816 0.2091950104 0.1236222172 0.3651526091 0.7184834254 54.8026542705 -0.0079188945 0 -19953 19953 0
Jun 04Jun S20041532004182.MON.chlor_a.csv 288533.562539 0.4863846063 0.3231203631 1.1999621964 1.4399092728 92.8808670044 0.1386259049 985680 392459 593221 100 S20041532004182.MON.chlor_a.csv 230249.6987 0.398813343 0.31381527 0.349658005 0.122260721 11.21027088 0.128735751 985680 408343 577337 100 58283.863839 0.0875712633 0.0093050931 0.8503041914 1.3176485518 81.6705961244 0.0098901539 0 -15884 15884 0
Jul 04Jul S20041832004213.MON.chlor_a.csv 275038.418488 0.4641395439 0.288180536 1.4413461009 2.0774785827 98.2258682251 0.0726819932 985680 393103 592577 100 S20041832004213.MON.chlor_a.csv 208873.2061 0.370661306 0.282195181 0.440913159 0.194404413 26.07021523 0.112550009 985680 422165 563515 100 66165.212388 0.0934782379 0.005985355 1.0004329419 1.8830741697 72.1556529951 -0.0398680158 0 -29062 29062 0
Aug 04Aug S20042142004244.MON.chlor_a.csv 261086.482998 0.4387757389 0.297026034 0.9470389141 0.8968827048 88.6967926025 0.1068416759 985680 390646 595034 100 S20042142004244.MON.chlor_a.csv 217352.9089 0.376227303 0.292726398 0.693696039 0.481214195 73.34391022 0.089605369 985680 407963 577717 100 43733.574098 0.0625484359 0.004299636 0.2533428751 0.4156685098 15.3528823825 0.0172363069 0 -17317 17317 0
Sep 04Sep S20042452004274.MON.chlor_a.csv 300896.042496 0.5092889199 0.3655619356 0.9075839829 0.823708686 96.1776580811 0.001 985680 394864 590816 100 S20042452004274.MON.chlor_a.csv 252678.3035 0.454196789 0.356289975 0.928315912 0.861770432 85.634758 0.092304617 985680 429361 556319 100 48217.738996 0.0550921309 0.0092719606 -0.0207319291 -0.038061746 10.5429000811 -0.091304617 0 -34497 34497 0
Oct 04Oct S20042752004305.MON.chlor_a.csv 428337.039207 0.7163329853 0.5793384332 0.8544089408 0.7300146382 93.7814483643 0.1219023168 985680 387722 597958 100 S20042752004305.MON.chlor_a.csv 361355.6651 0.667517018 0.581031392 0.474106723 0.224777185 19.19954109 0.149812266 985680 444337 541343 100 66981.374107 0.0488159673 -0.0016929588 0.3803022178 0.5052374532 74.5819072743 -0.0279099492 0 -56615 56615 0
Nov 04Nov S20043062004335.MON.chlor_a.csv 516987.170147 0.8649508374 0.7293753113 0.7808678783 0.6097546434 67.2407302856 0.006913255 985680 387973 597707 100 S20043062004335.MON.chlor_a.csv 419197.1657 0.74510032 0.680846577 0.500597423 0.25059778 22.88425922 0.100663602 985680 423075 562605 100 97790.004447 0.1198505174 0.0485287343 0.2802704553 0.3591568634 44.3564710656 -0.093750347 0 -35102 35102 0
Dec 04Dec S20043362004366.MON.chlor_a.csv 506080.462627 0.9032457466 0.7285208702 1.0461747366 1.0944815795 96.3672332764 0.001 985680 425389 560291 100 S20043362004366.MON.chlor_a.csv 359418.7795 0.702601836 0.588676751 0.571337514 0.326426555 29.38999367 0.115128264 985680 474126 511554 100 146661.683127 0.2006439106 0.1398441192 0.4748372226 0.7680550245 66.9772396064 -0.114128264 0 -48737 48737 0
Jan 05Jan S20050012005031.MON.chlor_a.csv 212145.342582 0.5754732672 0.4514819145 0.793428101 0.6295281514 87.6893157959 0.001 985680 617035 368645 100 S20050012005031.MON.chlor_a.csv 175978.8098 0.480114613 0.420798779 0.320319184 0.102604379 11.25720406 0.082119152 985680 619145 366535 100 36166.532782 0.0953586542 0.0306831355 0.473108917 0.5269237724 76.4321117359 -0.081119152 0 -2110 2110 0
Feb 05Feb S20050322005059.MON.chlor_a.csv 157740.727858 0.4853202467 0.3731002212 0.7770038059 0.6037349144 68.9825744629 0.001 985680 660656 325024 100 S20050322005059.MON.chlor_a.csv 161415.6492 0.464187547 0.389048703 0.402160902 0.161733391 16.58465385 0.103041358 985680 637942 347738 100 -3674.921342 0.0211326997 -0.0159484818 0.3748429039 0.4420015234 52.3979206129 -0.102041358 0 22714 -22714 0
Mar 05Mar S20050602005090.MON.chlor_a.csv 259699.4707 0.7376358983 0.5665732622 1.2079510139 1.459145652 85.4209365845 0.001 985680 633610 352070 100 S20050602005090.MON.chlor_a.csv 386506.1191 0.674681463 0.573761851 0.536498465 0.287830603 55.97946548 0.179998547 985680 412808 572872 100 -126806.6484 0.0629544353 -0.0071885888 0.6714525489 1.171315049 29.4414711045 -0.178998547 0 220802 -220802 0
Apr 05Apr S20050912005120.MON.chlor_a.csv 605917.585127 1.0213132658 0.8530609131 0.9807460027 0.9618627219 84.7863845825 0.2111377716 985680 392407 593273 100 S20050912005120.MON.chlor_a.csv 582392.5302 1.014856282 0.886975735 0.744495344 0.554273317 21.40729426 0.234846339 985680 411813 573867 100 23525.054927 0.0064569838 -0.0339148219 0.2362506587 0.4075894049 63.3790903225 -0.0237085674 0 -19406 19406 0
May 05May S20051212005151.MON.chlor_a.csv 521736.961854 0.8892586829 0.5643482735 1.0368936086 1.0751483556 80.4225082397 0.1294834465 985680 398970 586710 100 S20051212005151.MON.chlor_a.csv 461934.0057 0.80571899 0.589519203 0.705540119 0.49778686 9.691064864 0.136225894 985680 412361 573319 100 59802.956154 0.0835396929 -0.0251709295 0.3313534896 0.5773614956 70.7314433757 -0.0067424475 0 -13391 13391 0
Jun 05Jun S20051522005181.MON.chlor_a.csv 98947.9039131 0.3161375888 0.244323959 0.5224394731 0.2729430031 64.078086853 0.0623417422 985680 672690 312990 100 S20051522005181.MON.chlor_a.csv 165109.2884 0.395176978 0.323453903 0.25246179 0.063736955 8.04919529 0.099228434 985680 567869 417811 100 -66161.3844869 -0.0790393892 -0.079129944 0.2699776831 0.2092060481 56.028891563 -0.0368866918 0 104821 -104821 0
Jul 05Jul S20051822005212.MON.chlor_a.csv 192125.771207 0.3725194159 0.2791044712 0.7754948373 0.6013922427 97.2804718018 0.060896825 985680 469933 515747 100 S20051822005212.MON.chlor_a.csv 133536.6038 0.321479033 0.272576049 0.276113753 0.076238805 10.90491962 0.098564722 985680 570298 415382 100 58589.167407 0.0510403829 0.0065284222 0.4993810843 0.5251534377 86.3755521818 -0.037667897 0 -100365 100365 0
Aug 05Aug S20052132005243.MON.chlor_a.csv 262262.21899 0.4438599871 0.2913026139 0.9070463461 0.8227330739 69.9899673462 0.0739980489 985680 394813 590867 100 S20052132005243.MON.chlor_a.csv 213955.2376 0.374439733 0.294261152 0.366529131 0.134343604 16.56805992 0.114053018 985680 414279 571401 100 48306.98139 0.0694202541 -0.0029585381 0.5405172151 0.6883894699 53.4219074262 -0.0400549691 0 -19466 19466 0
Sep 05Sep S20052442005273.MON.chlor_a.csv 302210.131815 0.5136125394 0.381805102 1.0148954331 1.0300127402 99.7157058716 0.0848430023 985680 397279 588401 100 S20052442005273.MON.chlor_a.csv 252316.9616 0.447909738 0.350345908 0.696835647 0.485579919 65.1255188 0.095001668 985680 422359 563321 100 49893.170215 0.0657028014 0.031459194 0.3180597861 0.5444328212 34.5901870716 -0.0101586657 0 -25080 25080 0
Oct 05Oct S20052742005304.MON.chlor_a.csv 378590.597696 0.6346185786 0.458510561 0.8265452561 0.6831770604 73.3038635254 0.0379355177 985680 389116 596564 100 S20052742005304.MON.chlor_a.csv 339030.5429 0.582853184 0.450882524 0.710519514 0.50483798 78.83913422 0.126007304 985680 404006 581674 100 39560.054796 0.0517653946 0.007628037 0.1160257421 0.1783390804 -5.5352706946 -0.0880717863 0 -14890 14890 0
Nov 05Nov S20053052005334.MON.chlor_a.csv 653581.81726 1.1654018256 0.8812088172 1.3680904783 1.8716715569 71.9108810425 0.0479273163 985680 424859 560821 100 S20053052005334.MON.chlor_a.csv 535823.1652 1.054969375 0.839364206 1.110455475 1.233111361 78.45909882 0.127265364 985680 477776 507904 100 117758.65206 0.1104324506 0.0418446112 0.2576350033 0.6385601959 -6.5482177775 -0.0793380477 0 -52917 52917 0
Dec 05Dec S20053352005365.MON.chlor_a.csv 275584.255356 0.7617601517 0.5343775868 1.024277223 1.0491438295 99.9407806396 0.0123692183 985680 623907 361773 100 S20053352005365.MON.chlor_a.csv 187584.7842 0.640953938 0.503123067 0.680548104 0.463145721 35.90987778 0.103368044 985680 693015 292665 100 87999.471156 0.1208062137 0.0312545198 0.343729119 0.5859981085 64.0309028596 -0.0909988257 0 -69108 69108 0
Jan 06Jan S20060012006031.MON.chlor_a.csv 310837.455854 0.609315555 0.4798269339 0.7488934108 0.5608413407 92.6855316162 0.0214473642 985680 475538 510142 100 S20060012006031.MON.chlor_a.csv 233282.2572 0.526529958 0.44730732 0.391457717 0.153239144 20.06673241 0.080289044 985680 542624 443056 100 77555.198654 0.082785597 0.0325196139 0.3574356938 0.4076021967 72.6187992062 -0.0588416798 0 -67086 67086 0
Feb 06Feb S20060322006059.MON.chlor_a.csv 318799.003109 0.566365131 0.4676794801 0.5643956804 0.3185424841 97.4656982422 0.0222747047 985680 422794 562886 100 S20060322006059.MON.chlor_a.csv 256247.1262 0.525645913 0.4552047 0.451482079 0.203836067 60.69631958 0.18708856 985680 498190 487490 100 62551.876909 0.040719218 0.0124747801 0.1129136014 0.1147064171 36.7693786622 -0.1648138553 0 -75396 75396 0
Mar 06Mar S20060602006090.MON.chlor_a.csv 491650.998726 0.878600887 0.6433647275 1.1018188232 1.2140047191 97.7441101074 0.0897195712 985680 426096 559584 100 S20060602006090.MON.chlor_a.csv 408764.8346 0.726473483 0.592051804 0.78409101 0.614798711 18.19058609 0.231067434 985680 423010 562670 100 82886.164126 0.152127404 0.0513129235 0.3177278132 0.5992060081 79.5535240174 -0.1413478628 0 3086 -3086 0
Apr 06Apr S20060912006120.MON.chlor_a.csv 588633.392511 1.0402750449 0.9012385979 0.8053620542 0.6486080384 98.3231964111 0.1026322395 985680 419836 565844 100 S20060912006120.MON.chlor_a.csv 523176.5679 1.08312748 0.924405674 0.798802506 0.638085444 19.59503174 0.217262641 985680 502656 483024 100 65456.824611 -0.0428524351 -0.0231670761 0.0065595482 0.0105225944 78.7281646711 -0.1146304015 0 -82820 82820 0
May 06May S20061212006151.MON.chlor_a.csv 549547.54698 0.9446504184 0.8061576486 0.8705108781 0.757789189 90.3890762329 0.118991971 985680 403933 581747 100 S20061212006151.MON.chlor_a.csv 462789.8504 0.879852031 0.785329998 0.564506702 0.318667817 41.21396592 0.144622624 985680 459694 525986 100 86757.69658 0.0647983874 0.0208276506 0.3060041761 0.439121372 49.1751103129 -0.025630653 0 -55761 55761 0
Jun 06Jun S20061522006181.MON.chlor_a.csv 251205.153504 0.4429215179 0.3469564319 0.5905388495 0.3487361328 99.7268753052 0.112300761 985680 418525 567155 100 S20061522006181.MON.chlor_a.csv 176409.6579 0.416588127 0.354508147 0.269941562 0.072868447 6.541187763 0.124053948 985680 562217 423463 100 74795.495604 0.0263333909 -0.0075517151 0.3205972875 0.2758676858 93.1856875422 -0.011753187 0 -143692 143692 0
Jul 06Jul S20061822006212.MON.chlor_a.csv 133265.148744 0.4385453098 0.3382704705 0.8641991372 0.7468401487 92.4248657227 0.001 985680 681800 303880 100 S20061822006212.MON.chlor_a.csv 230085.0259 0.523408235 0.371696055 0.656769319 0.431345939 18.67492294 0.113027319 985680 546090 439590 100 -96819.877156 -0.0848629252 -0.0334255845 0.2074298182 0.3154942097 73.7499427827 -0.112027319 0 135710 -135710 0
Aug 06Aug S20062132006243.MON.chlor_a.csv 263407.12485 0.443736186 0.2830077901 1.017908395 1.0361375006 88.5700912476 0.0825699866 985680 392068 593612 100 S20062132006243.MON.chlor_a.csv 227041.4942 0.392619912 0.270925304 0.519628335 0.270013607 39.41339469 0.095707573 985680 407407 578273 100 36365.63065 0.051116274 0.0120824861 0.49828006 0.7661238936 49.1566965576 -0.0131375864 0 -15339 15339 0
Sep 06Sep S20062442006273.MON.chlor_a.csv 407720.867914 0.6826053663 0.4307887316 0.9688904855 0.9387487729 65.9273452759 0.0868443698 985680 388379 597301 100 S20062442006273.MON.chlor_a.csv 366416.7823 0.632703219 0.402286107 0.725432283 0.526251998 45.42617023 0.118584245 985680 406551 579129 100 41304.085614 0.0499021473 0.0285026246 0.2434582025 0.4124967749 20.5011750459 -0.0317398752 0 -18172 18172 0
Oct 06Oct S20062742006304.MON.chlor_a.csv 391721.87362 0.6565398471 0.5172686825 0.7151371303 0.5114211151 85.0446472168 0.0877532214 985680 389034 596646 100 S20062742006304.MON.chlor_a.csv 333758.7129 0.577260446 0.488585509 0.385375035 0.148513917 12.12176132 0.099535681 985680 407503 578177 100 57963.16072 0.0792794011 0.0286831735 0.3297620953 0.3629071981 72.9228858968 -0.0117824596 0 -18469 18469 0
Nov 06Nov S20063052006334.MON.chlor_a.csv 561877.683909 1.0301592216 0.7576990515 1.2321908277 1.5182942358 97.2868270874 0.0380633213 985680 440252 545428 100 S20063052006334.MON.chlor_a.csv 483706.4604 0.927024325 0.73860389 0.739702143 0.54715926 26.9998703 0.109620333 985680 463896 521784 100 78171.223509 0.1031348966 0.0190951615 0.4924886847 0.9711349758 70.2869567874 -0.0715570117 0 -23644 23644 0
Dec 06Dec S20063352006365.MON.chlor_a.csv 417033.854635 0.8357877605 0.6983500212 0.8203001396 0.6728923191 69.8962783813 0.0198108125 985680 486709 498971 100 S20063352006365.MON.chlor_a.csv 332085.9853 0.758014119 0.659872723 0.523957773 0.274531748 18.64883041 0.062734947 985680 547580 438100 100 84947.869335 0.0777736415 0.0384772982 0.2963423666 0.3983605711 51.2474479713 -0.0429241345 0 -60871 60871 0
