Month YMonth fileLAC sumLAC meanLAC medianLAC stdLAC varLAC maxLAC minLAC totalpixLAC nanpixLAC statipixLAC percentLAC fileGAC sumGAC meanGAC medianGAC stdGAC varGAC maxGAC minGAC totalpixGAC nanpixGAC statipixGAC percentGAC sumDIFF meanDIFF medianDIFF stdDIFF varDIFF maxDIFF minDIFF totalpixDIFF nanpixDIFF statipixDIFF percentDIFF
Jan 03Jan S20030012003031.MON.chlor_a.csv 3065.84553 17.12762866 13.77553045 8.751281617 76.58492994 60.32893753 10.01138687 985680 510686 179 0.037684687 S20030012003031.MON.chlor_a.csv 658.4246807 8.230308509 8.96558857 1.722323832 2.966399383 9.845061302 5.419984818 985680 606196 80 0.021081258 2407.42085 8.897320152 4.809941876 7.028957785 73.61853056 50.48387623 4.591402054 0,-95510 99 0.016603429
Feb 03Feb S20030322003059.MON.chlor_a.csv 4745.691124 15.40808806 12.44094723 6.363846169 40.49853806 42.34214187 10.01146297 985680 393647 308 0.052024127 S20030322003059.MON.chlor_a.csv 2021.927517 15.31763271 14.44135284 3.411570272 11.63881172 20.0573597 10.40335453 985680 427584 132 0.023651845 2723.763606 0.090455357,-2.00040561 2.952275897 28.85972634 22.28478217,-0.391891559 0,-33937 176 0.028372282
Mar 03Mar S20030602003090.MON.chlor_a.csv 4804.424012 14.6031125 12.8943398 5.877255354 34.54213049 64.4377594 10.00391829 985680 392534 329 0.055466951 S20030602003090.MON.chlor_a.csv 1147.555746 13.50065583 11.70216656 3.192199099 10.19013509 18.24465164 10.13878059 985680 416537 85 0.014934735 3656.868266 1.102456665 1.192173243 2.685056255 24.35199541 46.19310776,-0.134862304 0,-24003 244 0.040532216
Apr 03Apr S20030912003120.MON.chlor_a.csv 16211.84588 12.71517324 11.59239919 4.60812007 21.23477058 79.25921631 10.00161534 985680 392653 1275 0.214998643 S20030912003120.MON.chlor_a.csv 64837.72384 13.62996087 12.39613727 4.019807522 16.15885251 46.17442918 10.00199318 985680 422627 4757 0.844858299,-48625.87796,-0.914787627,-0.803738079 0.588312548 5.075918067 33.08478713,-0.000377838 0,-29974,-3482,-0.629859657
May 03May S20031212003151.MON.chlor_a.csv 6676.024379 16.48401081 13.55591106 8.861195434 78.52078453 85.05762482 10.00919011 985680 411907 405 0.070585406 S20031212003151.MON.chlor_a.csv 0 0 0 0 0 0 0 0 0 0 0 5877.281799 10.14478399 7.646248341 8.003283767 77.7847721 76.01053715 4.640043229 0,-31531 405 0.070585406
Jun 03Jun S20031522003181.MON.chlor_a.csv 4451.619868 16.42664158 13.70840263 8.953497865 80.16512402 93.27672577 10.00517273 985680 414952 271 0.047483214 S20031522003181.MON.chlor_a.csv 0 0 0 0 0 0 0 0 0 0 0 4247.80138 12.65222513 9.933986187 8.953497865 80.16512402 89.50230932 6.230756283 0,-142656 271 0.047483214
Jul 03Jul S20031822003212.MON.chlor_a.csv 10271.61722 19.41704579 14.72007751 13.34548624 178.102003 99.53390503 10.00757667 985680 463362 529 0.101279297 S20031822003212.MON.chlor_a.csv 146.7233219 11.28640938 11.28640938 0 0 11.28640938 11.28640938 985680 674019 13 0.004171199 10124.8939 8.13063641 3.433668137 13.34548624 178.102003 88.24749565,-1.278832704 0,-210657 516 0.097108099
Aug 03Aug S20032132003243.MON.chlor_a.csv 17526.34796 19.53884946 14.89041448 12.89690827 166.3302429 96.91580963 10.00057096 985680 393955 897 0.151590688 S20032132003243.MON.chlor_a.csv 1205.497613 12.55726681 10.98155832 3.11958146 9.731788484 21.86490594 10.07123733 985680 470446 96 0.018632311 16320.85035 6.981582653 3.908856154 9.77732681 156.5984544 75.05090369,-0.070666361 0,-76491 801 0.132958377
Sep 03Sep S20032442003273.MON.chlor_a.csv 18318.71605 16.44408982 13.96052424 8.514874188 72.50308244 79.93463135 10.0009864 985680 389614 1114 0.186892056 S20032442003273.MON.chlor_a.csv 4979.208373 21.36999302 20.33451009 8.173059649 66.79890403 40.69525909 10.31918812 985680 412224 233 0.040630842 13339.50768,-4.925903202,-6.373985853 0.341814539 5.70417841 39.23937225,-0.318201721 0,-22610 881 0.146261214
Oct 03Oct S20032742003304.MON.chlor_a.csv 9427.360155 16.33857913 13.3710227 9.674418917 93.59438138 90.63752747 10.00159884 985680 387742 577 0.096498299 S20032742003304.MON.chlor_a.csv 4944.769079 29.08687694 22.53888432 18.24897543 333.0251041 62.19617081 10.63423482 985680 403519 170 0.029201544 4482.591076,-12.74829781,-9.167861621,-8.574556508,-239.4307227 28.44135666,-0.632635985 0,-15777 407 0.067296755
Nov 03Nov S20033052003334.MON.chlor_a.csv 13360.02575 15.13026699 12.16284275 8.947744775 80.06213655 85.9570694 10.00270176 985680 387956 883 0.147727045 S20033052003334.MON.chlor_a.csv 5824.405198 14.82036946 11.92517173 7.884028962 62.15791267 62.4197731 10.00833215 985680 434380 393 0.071286051 7535.620553 0.309897529 0.237671018 1.063715813 17.90422388 23.5372963,-0.005630394 0,-46424 490 0.076440993
Dec 03Dec S20033352003365.MON.chlor_a.csv 5321.409012 16.42410189 12.69196529 10.8470062 117.6575436 95.77521515 10.02165318 985680 433198 324 0.058644445 S20033352003365.MON.chlor_a.csv 1068.66826 15.05166563 16.82945061 3.27567727 10.73006158 17.78706551 10.14313412 985680 572487 71 0.017183253 4252.740753 1.372436263,-4.137485313 7.571328934 106.927482 77.98814964,-0.121480942 0,-139289 253 0.041461191
Jan 04Jan S20040012004031.MON.chlor_a.csv 3909.170035 19.54585018 14.76638618 13.14007792 172.6616477 76.48338318 10.0035305 985680 429515 200 0.035960551 S20040012004031.MON.chlor_a.csv 299.1619158 17.59775975 17.9478569 0.756296286 0.571984072 17.9478569 15.96397305 985680 532977 17 0.003755221 3610.00812 1.948090426,-3.181470722 12.38378163 172.0896637 58.53552628,-5.960442543 0,-103462 183 0.03220533
Feb 04Feb S20040322004060.MON.chlor_a.csv 5528.540915 14.70356626 12.21019383 5.48802053 30.11836933 43.1564064 10.00970349 985680 394201 376 0.063569459 S20040322004060.MON.chlor_a.csv 1686.90065 14.79737412 12.30452004 5.768260454 33.27282866 27.93608665 10.0359656 985680 429488 114 0.020496519 3841.640265,-0.093807856,-0.094326203,-0.280239924,-3.154459332 15.22031975,-0.026262109 0,-35287 262 0.04307294
Mar 04Mar S20040612004091.MON.chlor_a.csv 2402.970152 15.50303324 12.76308346 7.560815507 57.16593113 59.12825012 10.03073502 985680 390783 155 0.026054931 S20040612004091.MON.chlor_a.csv 219.5711393 14.63807596 14.67880917 0.275679634 0.07599926 14.93787289 13.98471451 985680 419360 15 0.002648679 2183.399013 0.864957286,-1.915725708 7.285135873 57.08993187 44.19037724,-3.953979492 0,-28577 140 0.023406251
Apr 04Apr S20040922004121.MON.chlor_a.csv 6802.560904 15.81990908 13.14253097 8.142699121 66.30354898 97.47029877 10.01349992 985680 389122 430 0.072080167 S20040922004121.MON.chlor_a.csv 784.5390069 16.01100014 14.6058439 5.517147607 30.43891771 26.72142601 10.16689587 985680 408132 49 0.008484143 6018.021897,-0.191091061,-1.463312931 2.625551515 35.86463126 70.74887276,-0.153395951 0,-19010 381 0.063596023
May 04May S20041222004152.MON.chlor_a.csv 18587.02229 17.08366019 13.99862981 8.541812258 72.96255665 89.26461029 10.00369549 985680 392314 1088 0.183360691 S20041222004152.MON.chlor_a.csv 6347.422479 15.94829769 16.24173681 5.179435529 26.82655239 34.46195602 10.16119194 985680 412267 398 0.06940896 12239.59981 1.135362507,-2.243107001 3.362376729 46.13600425 54.80265427,-0.157496452 0,-19953 690 0.113951731
Jun 04Jun S20041532004182.MON.chlor_a.csv 25865.19293 21.21836992 18.14604902 11.47579215 131.6938055 92.880867 10.00415707 985680 392459 1219 0.205488343 S20041532004182.MON.chlor_a.csv 560.5135441 11.21027088 11.21027088 0 0 11.21027088 11.21027088 985680 408343 50 0.008660453 25304.67938 10.00809903 6.935778141 11.47579215 131.6938055 81.67059612,-1.206113815 0,-15884 1169 0.196827889
Jul 04Jul S20041832004213.MON.chlor_a.csv 30237.32936 23.18813602 16.69417795 16.9442972 287.1092076 98.22586823 10.00923268 985680 393103 1304 0.22005579 S20041832004213.MON.chlor_a.csv 2422.952334 16.26142506 14.94060326 5.445737455 29.65605643 26.07021523 10.07297993 985680 422165 149 0.026441177 27814.37703 6.926710953 1.753574689 11.49855975 257.4531512 72.155653,-0.063747247 0,-29062 1155 0.193614613
Aug 04Aug S20042142004244.MON.chlor_a.csv 16165.0975 18.41127278 15.16133887 9.6801202 93.70472708 88.6967926 10.00127355 985680 390646 878 0.147554594 S20042142004244.MON.chlor_a.csv 4508.451274 32.43490125 19.73322558 21.07094112 443.9845597 73.34391022 10.93954817 985680 407963 139 0.024060223 11656.64623,-14.02362847,-4.571886718,-11.39082092,-350.2798326 15.35288239,-0.93827462 0,-17317 739 0.12349437
Sep 04Sep S20042452004274.MON.chlor_a.csv 13199.19416 18.031686 14.47605308 10.91069047 119.0431665 96.17765808 10.00559862 985680 394864 732 0.123896442 S20042452004274.MON.chlor_a.csv 8073.66945 30.81553225 15.76189613 24.38195457 594.4797089 85.634758 10.02817488 985680 429361 262 0.047095282 5125.524706,-12.78384625,-1.285843054,-13.47126411,-475.4365424 10.54290009,-0.022576253 0,-34497 470 0.07680116
Oct 04Oct S20042752004305.MON.chlor_a.csv 11432.72334 16.26276436 13.47665092 10.46521308 109.5206848 93.78144836 10.01448393 985680 387722 703 0.117566786 S20042752004305.MON.chlor_a.csv 1848.317672 14.66918788 14.73529184 3.827779515 14.65189601 19.19954109 10.12333632 985680 444337 126 0.023275446 9584.40567 1.593576479,-1.258640919 6.637433564 94.86878876 74.58190727,-0.108852387 0,-56615 577 0.094291339
Nov 04Nov S20043062004335.MON.chlor_a.csv 8451.100746 16.09733475 13.63466167 7.443813886 55.41036517 67.24073029 10.02331412 985680 387973 525 0.087835679 S20043062004335.MON.chlor_a.csv 3917.79409 15.48535214 15.75098935 4.415471063 19.49638471 22.88425922 10.02203846 985680 423075 253 0.044969384 4533.306656 0.61198262,-2.116327673 3.028342822 35.91398045 44.35647106 0.001275659 0,-35102 272 0.042866295
Dec 04Dec S20043362004366.MON.chlor_a.csv 17808.61193 16.08727365 13.73416671 8.291095189 68.74225943 96.36723328 10.00354569 985680 425389 1107 0.197575903 S20043362004366.MON.chlor_a.csv 3611.341568 14.1621238 13.34636116 4.665970449 21.77128023 29.38999367 10.05454143 985680 474126 255 0.04984811 14197.27036 1.925149848 0.387805547 3.62512474 46.9709792 66.97723961,-0.050995737 0,-48737 852 0.147727793
Jan 05Jan S20050012005031.MON.chlor_a.csv 4384.14392 20.48665383 14.58489714 15.07496745 227.2546436 87.6893158 10.05857563 985680 617035 214 0.058050428 S20050012005031.MON.chlor_a.csv 99.53049088 11.05894343 10.95981312 0.140191433 0.019653638 11.25720406 10.95981312 985680 619145 9 0.002455427 4284.613429 9.427710402 3.625084023 14.93477602 227.2349899 76.43211174,-0.901237488 0,-2110 205 0.055595001
Feb 05Feb S20050322005059.MON.chlor_a.csv 6041.888556 16.97159707 14.45509052 8.536741273 72.87595156 68.98257446 10.00170101 985680 660656 356 0.109530373 S20050322005059.MON.chlor_a.csv 458.6320381 16.37971565 16.58465385 1.064890163 1.133991059 16.58465385 10.84638405 985680 637942 28 0.008052039 5583.256518 0.591881421,-2.129563332 7.47185111 71.7419605 52.39792061,-0.844683034 0 22714 328 0.101478334
Mar 05Mar S20050602005090.MON.chlor_a.csv 14623.23406 21.10134785 16.8857004 12.94961813 167.6926096 85.42093658 10.04953575 985680 633610 693 0.196835857 S20050602005090.MON.chlor_a.csv 2170.643503 22.1494235 17.13695689 11.04839573 122.0670481 55.97946548 10.02313128 985680 412808 98 0.017106788 12452.59056,-1.048075649,-0.251256488 1.901222398 45.62556145 29.4414711 0.026404474 0 220802 595 0.179729068
Apr 05Apr S20050912005120.MON.chlor_a.csv 12690.46696 16.87562096 14.13676122 9.187089467 84.40261287 84.78638458 10.01575184 985680 392407 752 0.126754462 S20050912005120.MON.chlor_a.csv 6298.408176 13.75198292 12.93357265 3.471175326 12.04905815 21.40729426 10.0292279 985680 411813 458 0.079809433 6392.058788 3.123638047 1.203188568 5.715914141 72.35355472 63.37909032,-0.013476059 0,-19406 294 0.046945029
May 05May S20051212005151.MON.chlor_a.csv 9704.712812 16.58925267 14.64081073 8.196591429 67.18411106 80.42250824 10.00779998 985680 398970 585 0.099708544 S20051212005151.MON.chlor_a.csv 0 0 0 0 0 0 0 0 0 0 0,-1055.391836 10.29311186 8.661173523 7.042132462 65.85133555 70.73144338 5.006305254 0,-13391 585 0.099708544
Jun 05Jun S20051522005181.MON.chlor_a.csv 2024.84385 17.01549454 13.54089904 9.168360529 84.05883479 64.07808685 10.03625965 985680 672690 119 0.038020384 S20051522005181.MON.chlor_a.csv 0 0 0 0 0 0 0 0 0 0 0 1530.679293 10.42663377 7.533512831 8.028714248 82.76004114 56.02889156 4.914892912 0 104821 119 0.038020384
Jul 05Jul S20051822005212.MON.chlor_a.csv 7607.337793 19.45610689 15.53990841 13.69533039 187.5620744 97.2804718 10.02903366 985680 469933 391 0.075812365 S20051822005212.MON.chlor_a.csv 357.181035 10.82366773 10.90491962 0.192277079 0.036970475 10.90491962 10.36865711 985680 570298 33 0.007944495 7250.156758 8.63243916 4.634988785 13.50305331 187.5251039 86.37555218,-0.339623451 0,-100365 358 0.067867871
Aug 05Aug S20052132005243.MON.chlor_a.csv 14620.59634 18.8652856 15.61543369 9.408289965 88.51592007 69.98996735 10.00308609 985680 394813 775 0.131163189 S20052132005243.MON.chlor_a.csv 561.4783448 15.1750904 16.56805992 2.324546312 5.403515558 16.56805992 10.67815359 985680 414279 37 0.006475312 14059.11799 3.690195196,-0.952626228 7.083743653 83.11240451 53.42190742,-0.675067504 0,-19466 738 0.124687877
Sep 05Sep S20052442005273.MON.chlor_a.csv 17574.92741 20.08563133 16.20923615 12.61432352 159.1211579 99.71570587 10.01833924 985680 397279 875 0.148708109 S20052442005273.MON.chlor_a.csv 4870.8793 23.41768894 13.45517445 19.94571755 397.8316484 65.1255188 10.57188797 985680 422359 208 0.036923885 12704.04811,-3.33205761 2.754061699,-7.331394026,-238.7104905 34.59018707,-0.553548733 0,-25080 667 0.111784224
Oct 05Oct S20052742005304.MON.chlor_a.csv 11987.74381 15.71132872 13.70487307 6.671110683 44.50371774 73.30386353 10.0107166 985680 389116 763 0.127899102 S20052742005304.MON.chlor_a.csv 3730.343983 34.22333929 25.46402073 25.0537523 627.6905043 78.83913422 10.30122739 985680 404006 109 0.018739019 8257.39983,-18.51201057,-11.75914766,-18.38264162,-583.1867866,-5.535270691,-0.290510794 0,-14890 654 0.109160083
Nov 05Nov S20053052005334.MON.chlor_a.csv 42163.24017 15.05830006 13.017793 6.345190428 40.26144157 71.91088104 10.00343525 985680 424859 2800 0.499268037 S20053052005334.MON.chlor_a.csv 25530.22231 14.63888894 12.96035099 5.430580502 29.49120459 78.45909882 10.0053993 985680 477776 1744 0.343371976 16633.01787 0.419411124 0.057442009 0.914609926 10.77023698,-6.548217773,-0.001964043 0,-52917 1056 0.155896062
Dec 05Dec S20053352005365.MON.chlor_a.csv 8915.675943 17.51606276 14.37105274 10.29200165 105.9252979 99.94078064 10.00094819 985680 623907 509 0.140695961 S20053352005365.MON.chlor_a.csv 2786.978442 20.49248855 15.38823795 9.101393289 82.8353598 35.90987778 10.01869392 985680 693015 136 0.046469513 6128.697501,-2.976425789,-1.017185211 1.190608358 23.08993811 64.03090286,-0.017745733 0,-69108 373 0.094226448
Jan 06Jan S20060012006031.MON.chlor_a.csv 6071.262096 18.34218156 14.39918613 11.23623771 126.2530379 92.68553162 10.06296666 985680 475538 331 0.064883895 S20060012006031.MON.chlor_a.csv 1288.183773 15.15510321 11.96878618 4.111009506 16.90039916 20.06673241 11.49067241 985680 542624 85 0.019184934 4783.078323 3.187078347 2.430399954 7.125228204 109.3526387 72.61879921,-1.427705745 0,-67086 246 0.045698961
Feb 06Feb S20060322006059.MON.chlor_a.csv 3604.841472 17.4146931 13.92879637 9.992646913 99.85299232 97.46569824 10.00092074 985680 422794 207 0.036774764 S20060322006059.MON.chlor_a.csv 1229.427582 38.41961195 30.50856313 14.30086464 204.5147296 60.69631958 11.92169112 985680 498190 32 0.006564237 2375.413889,-21.00491885,-16.57976676,-4.308217732,-104.6617372 36.76937866,-1.920770377 0,-75396 175 0.030210527
Mar 06Mar S20060602006090.MON.chlor_a.csv 13722.89551 16.8379086 13.59418797 10.16929062 103.4144718 97.74411011 10.00008124 985680 426096 815 0.145643907 S20060602006090.MON.chlor_a.csv 5697.721087 11.87025226 11.47053316 1.707851867 2.916757999 18.19058609 10.00492805 985680 423010 480 0.085307552 8025.174422 4.967656336 2.123654813 8.461438755 100.4977138 79.55352402,-0.004846811 0 3086 335 0.060336355
Apr 06Apr S20060912006120.MON.chlor_a.csv 4735.004295 18.78969958 13.34332514 14.00749629 196.2099523 98.32319641 10.04324341 985680 419836 252 0.044535243 S20060912006120.MON.chlor_a.csv 2970.028104 13.08382425 12.26549654 2.936555751 8.623359679 19.59503174 10.06943893 985680 502656 227 0.046995594 1764.976191 5.705875335 1.077828601 11.07094054 187.5865926 78.72816467,-0.026195526 0,-82820 25,-0.002460352
May 06May S20061212006151.MON.chlor_a.csv 11702.30148 17.59744583 14.33410293 9.51235221 90.48484457 90.38907623 10.0025034 985680 403933 665 0.11431086 S20061212006151.MON.chlor_a.csv 2198.273194 27.13917523 28.55335236 12.19772381 148.7844662 41.21396592 11.08721161 985680 459694 81 0.015399649 9504.028286,-9.541729397,-14.21924943,-2.685371601,-58.29962159 49.17511031,-1.084708214 0,-55761 584 0.098911211
Jun 06Jun S20061522006181.MON.chlor_a.csv 4329.783134 18.58276023 14.26787663 13.2338852 175.1357176 99.72687531 10.00409031 985680 418525 233 0.041082244 S20061522006181.MON.chlor_a.csv 0 0 0 0 0 0 0 0 0 0 0 3763.079026 12.80006525 8.482786179 12.72873669 174.8805426 93.18568754 4.75630188 0,-143692 233 0.041082244
Jul 06Jul S20061822006212.MON.chlor_a.csv 4797.679232 22.95540302 15.16996622 17.98917855 323.6105448 92.42486572 10.02872598 985680 681800 209 0.068777149 S20061822006212.MON.chlor_a.csv 3765.969663 12.22717423 11.32949622 2.301762343 5.298109884 18.67492294 10.01460457 985680 546090 308 0.070065288 1031.709569 10.72822879 3.840469996 15.6874162 318.3124349 73.74994278 0.014121413 0 135710,-99,-0.001288139
Aug 06Aug S20062132006243.MON.chlor_a.csv 17233.17456 19.92274516 15.85049152 11.72528318 137.4822657 88.57009125 10.00639075 985680 392068 865 0.145718079 S20062132006243.MON.chlor_a.csv 3842.503235 16.01043015 15.29669952 5.419529985 29.37130526 39.41339469 10.04755113 985680 407407 240 0.041502889 13390.67132 3.91231501 0.553792 6.305753197 108.1109605 49.15669656,-0.041160375 0,-15339 625 0.10421519
Sep 06Sep S20062442006273.MON.chlor_a.csv 15141.43362 16.49393641 14.04533648 7.055169389 49.7754151 65.92734528 10.00321929 985680 388379 918 0.153691355 S20062442006273.MON.chlor_a.csv 4171.434679 21.06785191 15.63625717 9.892516718 97.86188701 45.42617023 10.04257623 985680 406551 198 0.034189274 10969.99894,-4.573915506,-1.590920687,-2.837347329,-48.0864719 20.50117505,-0.039356947 0,-18172 720 0.119502081
Oct 06Oct S20062742006304.MON.chlor_a.csv 7449.748828 15.71676968 12.960536 8.065818379 65.05742612 85.04464722 10.00923336 985680 389034 474 0.079444093 S20062742006304.MON.chlor_a.csv 567.1719034 11.12101771 10.91668093 0.731423052 0.534979682 12.12176132 10.45334244 985680 407503 51 0.008820828 6882.576924 4.595751965 2.043855071 7.334395327 64.52244644 72.92288589,-0.444109082 0,-18469 423 0.070623264
Nov 06Nov S20063052006334.MON.chlor_a.csv 22696.81757 16.73806606 13.30495256 9.745079585 94.96657612 97.28682709 10.00013638 985680 440252 1356 0.248612099 S20063052006334.MON.chlor_a.csv 5044.775531 13.31075338 12.45912433 3.216802996 10.34782152 26.9998703 10.02269793 985680 463896 379 0.07263542 17652.04204 3.427312676 0.845828235 6.528276589 84.61875461 70.28695679,-0.02256155 0,-23644 977 0.175976679
Dec 06Dec S20063352006365.MON.chlor_a.csv 8697.493257 16.63000623 13.86651421 7.786745775 60.63340976 69.89627838 10.00242734 985680 486709 523 0.104815711 S20063352006365.MON.chlor_a.csv 1859.522812 14.99615171 14.47692794 3.050412634 9.305017238 18.64883041 10.06692982 985680 547580 124 0.02830404 6837.970445 1.633854515,-0.61041373 4.736333141 51.32839253 51.24744797,-0.064502478 0,-60871 399 0.076511671
