,,,,,,,,,,
,,,,,,,,,,
S20030322003059.MON.chlor_a.csv,1089.81715584,18.7899509627,18.947561264,1.3102401962,1.7167293717,20.0573596954,16.822052002,985680,427584,58
S20030602003090.MON.chlor_a.csv,517.859329333,17.8572182529,17.7895252506,0.210396944,0.0442668741,18.2446516355,17.5992054542,985680,416537,29
S20030912003120.MON.chlor_a.csv,23183.2100146,18.5465680116,17.1743278503,4.7715579651,22.7677654143,46.1744291782,15.0014684439,985680,422627,1250
,,,,,,,,,,
,,,,,,,,,,
,,,,,,,,,,
S20032132003243.MON.chlor_a.csv,394.857553413,17.1677197136,16.8232250214,2.3052825995,5.3143278633,21.8649059385,15.0050630569,985680,470446,23
S20032442003273.MON.chlor_a.csv,4482.64692693,23.3471194111,20.654145201,7.631123157,58.2340406374,40.6952590942,15.5280925632,985680,412224,192
S20032742003304.MON.chlor_a.csv,4219.69499978,37.3424336264,31.6973421574,17.2477738673,297.485703377,62.1961708069,16.7104769647,985680,403519,113
S20033052003334.MON.chlor_a.csv,2132.96764362,26.3329338718,26.7987110913,11.3684516775,129.241693544,62.4197731018,15.6098365784,985680,434380,81
S20033352003365.MON.chlor_a.csv,842.463098049,17.19312445,17.787065506,0.8496288133,0.7218691203,17.787065506,15.030810833,985680,572487,49
S20040012004031.MON.chlor_a.csv,299.161915779,17.5977597517,17.9478569031,0.7562962857,0.5719840718,17.9478569031,15.9639730453,985680,532977,17
S20040322004060.MON.chlor_a.csv,677.573426008,23.3646008968,27.9360866547,5.4521372896,29.7258010248,27.9360866547,16.2147817612,985680,429488,29
,,,,,,,,,,
S20040922004121.MON.chlor_a.csv,444.338788986,21.1589899517,17.7359523773,4.3635338469,19.0404276332,26.7214260101,17.7359523773,985680,408132,21
S20041222004152.MON.chlor_a.csv,4212.7658624,19.7782434854,18.2458723783,4.1509627484,17.2304917386,34.4619560242,15.1634203941,985680,412267,213
,,,,,,,,,,
S20041832004213.MON.chlor_a.csv,1164.0453701,21.9631201906,26.0702152252,5.2001675972,27.0417430389,26.0702152252,15.2938194275,985680,422165,53
S20042142004244.MON.chlor_a.csv,3896.43020809,40.1693835885,31.6726913452,20.9282643383,437.992248214,73.3439102173,18.577580452,985680,407963,97
S20042452004274.MON.chlor_a.csv,6664.76210964,46.9349444341,44.6470146179,22.9795008409,528.057458895,85.6347579956,15.7618961334,985680,429361,142
S20042752004305.MON.chlor_a.csv,1153.92118454,18.3162092784,17.7762928009,0.9590414822,0.9197605646,19.1995410919,15.3564720154,985680,444337,63
S20043062004335.MON.chlor_a.csv,2579.80401434,18.9691471642,20.7571715117,2.9481636756,8.6916690579,22.8842592239,15.5838152568,985680,423075,136
S20043362004366.MON.chlor_a.csv,1057.46170336,22.4991851779,22.5631389618,5.0604931858,25.6085912832,29.3899936676,15.3090563416,985680,474126,47
,,,,,,,,,,
S20050322005059.MON.chlor_a.csv,447.785654068,16.5846538544,16.5846538544,0,0,16.5846538544,16.5846538544,985680,637942,27
S20050602005090.MON.chlor_a.csv,1729.20679445,27.8904321685,28.6556358337,10.1256564171,102.528917877,55.9794654846,15.3853571713,985680,412808,62
S20050912005120.MON.chlor_a.csv,2165.13742406,19.1605081775,20.0018503269,1.9151211973,3.6676892005,21.4072942585,15.4438061714,985680,411813,113
,,,,,,,,,,
,,,,,,,,,,
,,,,,,,,,,
S20052132005243.MON.chlor_a.csv,447.337617874,16.5680599213,16.5680599213,0,0,16.5680599213,16.5680599213,985680,414279,27
S20052442005273.MON.chlor_a.csv,3476.5819397,37.7889341271,20.119934082,22.9673601057,527.499630225,65.1255187988,15.0688323975,985680,422359,92
S20052742005304.MON.chlor_a.csv,3181.90156655,48.2106297961,40.4706965685,23.2240846561,539.358108112,78.8391342163,21.0260281563,985680,404006,66
S20053052005334.MON.chlor_a.csv,12039.9271112,19.7052816878,17.9687108397,6.4416571579,41.4949469399,78.4590988159,15.0174210548,985680,477776,611
S20053352005365.MON.chlor_a.csv,1895.48520288,27.0783600411,19.7399597168,8.3983933158,70.5330102869,35.9098777771,15.1956672668,985680,693015,70
S20060012006031.MON.chlor_a.csv,702.335634232,20.0667324066,20.0667324066,0,0,20.0667324066,20.0667324066,985680,542624,35
S20060322006059.MON.chlor_a.csv,1217.50589135,39.274383592,30.5085631311,13.701520832,187.731673109,60.6963195801,30.4926993996,985680,498190,31
S20060602006090.MON.chlor_a.csv,734.228112411,15.9614807046,16.3673019409,0.991782003,0.9836315415,18.1905860901,15.0345573425,985680,423010,46
S20060912006120.MON.chlor_a.csv,682.404518127,19.4972719465,19.5950317383,0.3971021514,0.1576901187,19.5950317383,17.8842353821,985680,502656,35
S20061212006151.MON.chlor_a.csv,1910.00569186,34.7273762156,28.5757318139,6.3033816889,39.7326207161,41.2139659226,28.4565291405,985680,459694,55
,,,,,,,,,,
S20061822006212.MON.chlor_a.csv,583.113905907,18.2223095596,18.6749229431,1.0021623229,1.0043293215,18.6749229431,15.1457209587,985680,546090,32
S20062132006243.MON.chlor_a.csv,2442.17393508,20.1832556618,17.9148002863,4.5924834706,21.0909044278,39.4133946896,15.2966995239,985680,407407,121
S20062442006273.MON.chlor_a.csv,3149.518691,26.6908363644,22.6903114319,9.204875473,84.7297324734,45.4261702299,15.0814657211,985680,406551,118
,,,,,,,,,,
S20063052006334.MON.chlor_a.csv,1326.40451566,18.4222849398,16.7644327879,3.5114094862,12.3299965801,26.9998703003,15.0264676412,985680,463896,72
S20063352006365.MON.chlor_a.csv,1045.67029703,17.7232253735,18.6488304138,1.245545487,1.5513835602,18.6488304138,15.4880409241,985680,547580,59
