S20030012003031.MON.chlor_a.csv 7846.63919927 8.65120088123 6.66953730583 5.85209542723 34.2470208894 60.3289375305 5.00296874046 985680 510686 907
S20030322003059.MON.chlor_a.csv 13250.8503974 8.25598155599 6.68093486627 4.60671246759 21.2217997591 42.3421418667 5.0005569458 985680 393647 1605
S20030602003090.MON.chlor_a.csv 15686.2936568 7.89048976699 6.52935369685 4.01663217049 16.133333993 64.4377593994 5.00101629645 985680 392534 1988
S20030912003120.MON.chlor_a.csv 146132.343011 6.7921144788 6.18132956823 2.19086870445 4.79990568013 79.2592163086 5.00017273426 985680 392653 21515
S20031212003151.MON.chlor_a.csv 19037.6075506 8.25926574865 6.54417702556 5.43137665151 29.4998523306 85.0576248169 5.00005037785 985680 411907 2305
S20031522003181.MON.chlor_a.csv 8739.09197254 9.62455063055 7.29213953018 6.69676786942 44.8466998969 93.276725769 5.00040149689 985680 414952 908
S20031822003212.MON.chlor_a.csv 19237.0343442 10.2433622706 7.17192368706 9.18829016268 84.4246761136 99.5339050293 5.00371801853 985680 463362 1878
S20032132003243.MON.chlor_a.csv 29849.2699392 11.047102124 7.79930303991 9.60649854262 92.2848142493 96.9158096313 5.0020586678 985680 393955 2702
S20032442003273.MON.chlor_a.csv 36787.5160202 9.54280571212 7.36002099514 6.45034803954 41.6069898313 79.9346313477 5.00015607476 985680 389614 3855
S20032742003304.MON.chlor_a.csv 24249.7368092 8.67301030374 6.88833738565 6.00638791361 36.0766957688 90.6375274658 5.00129139423 985680 387742 2796
S20033052003334.MON.chlor_a.csv 47544.4774168 7.91880036922 6.72508108616 4.71769306683 22.2566278728 85.957069397 5.00027397701 985680 387956 6004
S20033352003365.MON.chlor_a.csv 13459.598106 8.77418390222 7.04816974327 6.47949611622 41.9838699201 95.7752151489 5.00174641609 985680 433198 1534
S20040012004031.MON.chlor_a.csv 9124.07328276 9.03373592352 6.44514811039 7.92373015401 62.7854995536 76.4833831787 5.00456712246 985680 429515 1010
S20040322004060.MON.chlor_a.csv 21663.6438123 7.68214319583 6.57513595745 3.59902556498 12.9529850174 43.1564064026 5.00163248607 985680 394201 2820
S20040612004091.MON.chlor_a.csv 9508.07856948 7.54010988857 6.29985499382 4.15387022444 17.2546378415 59.1282501221 5.00001385477 985680 390783 1261
S20040922004121.MON.chlor_a.csv 21251.3925267 7.92371086005 6.39007224639 4.88416395934 23.8550575817 97.4702987671 5.00002082189 985680 389122 2682
S20041222004152.MON.chlor_a.csv 50248.8727213 8.38319531553 6.52248593569 5.59216442162 31.2723029184 89.2646102905 5.00008612871 985680 392314 5994
S20041532004182.MON.chlor_a.csv 38673.9638767 12.4153977132 8.15933036804 10.120199421 102.418436321 92.8808670044 5.00275204579 985680 392459 3115
S20041832004213.MON.chlor_a.csv 43721.8739856 13.3461153802 8.34225865205 13.3946698723 179.417180989 98.2258682251 5.00007563829 985680 393103 3276
S20042142004244.MON.chlor_a.csv 27878.3451008 10.6527875815 7.61717196022 7.94131813109 63.0645336591 88.6967926025 5.00158886909 985680 390646 2617
S20042452004274.MON.chlor_a.csv 24875.1794872 10.0954462204 7.5178138415 7.95868063546 63.3405974572 96.1776580811 5.00021803379 985680 394864 2464
S20042752004305.MON.chlor_a.csv 24107.8352982 9.37318635235 7.44898767024 7.01178735992 49.1651619807 93.7814483643 5.00155317783 985680 387722 2572
S20043062004335.MON.chlor_a.csv 23493.4936189 8.26362772386 6.54745749065 5.03956494319 25.3972148167 67.2407302856 5.00015933173 985680 387973 2843
S20043362004366.MON.chlor_a.csv 40874.5809191 9.05908265051 7.20735824108 5.85156789751 34.2408468592 96.3672332764 5.00001402696 985680 425389 4512
S20050012005031.MON.chlor_a.csv 10380.8193374 8.9412741924 6.30188884735 8.55048422602 73.1107804995 87.6893157959 5.00034666061 985680 617035 1161
S20050322005059.MON.chlor_a.csv 11296.7339827 10.0773719739 7.87227344513 6.8102902241 46.3800529365 68.9825744629 5.00496160984 985680 660656 1121
S20050602005090.MON.chlor_a.csv 21275.5264663 12.7169913128 8.68063616753 10.9688240064 120.315100083 85.4209365845 5.00150251389 985680 633610 1673
S20050912005120.MON.chlor_a.csv 37349.7048578 8.11950105604 6.41276820501 5.47692151195 29.996669248 84.7863845825 5.00022736192 985680 392407 4600
S20051212005151.MON.chlor_a.csv 37877.6786963 7.25209241745 5.89570665359 4.40770628059 19.427874656 80.4225082397 5.00000801682 985680 398970 5223
S20051522005181.MON.chlor_a.csv 4253.43200562 9.18667819789 6.7161616087 6.63386046167 44.0081046248 64.078086853 5.00215566158 985680 672690 463
S20051822005212.MON.chlor_a.csv 14211.7782257 10.2760507778 7.14259195328 9.35933909519 87.5972282988 97.2804718018 5.00029325485 985680 469933 1383
S20052132005243.MON.chlor_a.csv 24629.9838635 10.9320833837 7.97614002228 8.04400622846 64.7060362036 69.9899673462 5.00082445145 985680 394813 2253
S20052442005273.MON.chlor_a.csv 24816.3131263 12.7787400238 9.06658898791 10.7957321068 116.547831723 99.7157058716 5.00255449613 985680 397279 1942
S20052742005304.MON.chlor_a.csv 24075.4425407 9.39346177945 7.36684381962 5.61788802576 31.5606658699 73.3038635254 5.00123820986 985680 389116 2563
S20053052005334.MON.chlor_a.csv 84416.8964073 9.52464136379 7.99355845451 5.3159586618 28.259416494 71.9108810425 5.00065347883 985680 424859 8863
S20053352005365.MON.chlor_a.csv 19621.5469179 9.27294277783 6.98603037198 6.95156573896 48.324266223 99.9407806396 5.00450585783 985680 623907 2116
S20060012006031.MON.chlor_a.csv 14761.4161537 9.05608352989 6.92097409566 7.00046207858 49.0064693136 92.6855316162 5.0001933078 985680 475538 1630
S20060322006059.MON.chlor_a.csv 7310.50828306 9.43291391363 6.92061666399 7.14504729737 51.0517008817 97.4656982422 5.00032949448 985680 422794 775
S20060602006090.MON.chlor_a.csv 44999.9681798 7.93090732814 6.39572326115 5.42887208426 29.4726521072 97.7441101074 5.00139784813 985680 426096 5674
S20060912006120.MON.chlor_a.csv 11074.5942534 8.93833273072 6.46042715013 8.11949286262 65.9261643461 98.3231964111 5.00552332401 985680 419836 1239
S20061212006151.MON.chlor_a.csv 21625.4321754 9.97943339887 7.34162389487 7.38950605105 54.6047996785 90.3890762329 5.00057172775 985680 403933 2167
S20061522006181.MON.chlor_a.csv 8437.37731576 9.78814073754 6.88211220503 8.78311636438 77.1431330702 99.7268753052 5.00028951963 985680 418525 862
S20061822006212.MON.chlor_a.csv 8239.72897958 11.6380352819 7.8580583334 12.2727737383 150.620975231 92.4248657227 5.01105904579 985680 681800 708
S20062132006243.MON.chlor_a.csv 27065.8632785 11.6814256705 8.13004207611 9.64197820202 92.9677436483 88.5700912476 5.00021314621 985680 392068 2317
S20062442006273.MON.chlor_a.csv 31837.0898984 9.17495386121 6.8729635179 5.80109510324 33.6527043968 65.9273452759 5.00286275148 985680 388379 3470
S20062742006304.MON.chlor_a.csv 16949.9501156 8.87431943225 6.98278188705 5.73598828015 32.90156155 85.0446472168 5.00184488297 985680 389034 1910
S20063052006334.MON.chlor_a.csv 55013.0355115 8.94666376833 7.04076969624 6.28320943626 39.4787208199 97.2868270874 5.0008443892 985680 440252 6149
S20063352006365.MON.chlor_a.csv 18442.3442907 9.22578503786 7.01482369502 6.05312177101 36.6402831747 69.8962783813 5.00037117004 985680 486709 1999
