S20030012003031.MON.chlor_a.csv 658.42468071 8.23030850887 8.96558856964 1.72232383218 2.96639938288 9.84506130219 5.4199848175 985680 606196 80
S20030322003059.MON.chlor_a.csv 7299.48387851 7.89987432739 6.43733406067 3.4901458363 12.1811179586 20.0573596954 5.03225982189 985680 427584 924
S20030602003090.MON.chlor_a.csv 4508.39790304 7.34266759452 6.23660349846 3.01186129252 9.07130844535 18.2446516355 5.01042814553 985680 416537 614
S20030912003120.MON.chlor_a.csv 224746.639362 7.93568868902 6.96571125835 3.25487442955 10.5942075522 46.1744291782 5.00017940402 985680 422627 28321
S20031212003151.MON.chlor_a.csv 798.74257952 6.33922682159 5.90966272354 0.857911667178 0.73601242868 9.04708766937 5.36914688349 985680 443438 126
S20031522003181.MON.chlor_a.csv 203.818488121 3.77441644669 3.77441644669 0.0 0.0 3.77441644669 3.77441644669 985680 557608 0
S20031822003212.MON.chlor_a.csv 868.319610357 6.07216510739 5.3013048172 1.73540730497 3.01163851413 11.2864093781 5.0168967247 985680 674019 143
S20032132003243.MON.chlor_a.csv 4390.97579419 7.45496739252 6.34865379333 2.8463570746 8.10174859614 21.8649059385 5.00774383545 985680 470446 589
S20032442003273.MON.chlor_a.csv 13250.1814756 8.80410729279 6.52401208878 6.36039773909 40.4546593994 40.6952590942 5.0020635128 985680 412224 1505
S20032742003304.MON.chlor_a.csv 7507.20973088 13.6992878301 7.41041707993 14.5235451154 210.933362718 62.1961708069 5.00050266584 985680 403519 548
S20033052003334.MON.chlor_a.csv 19943.2432917 7.55139844441 6.11874359846 4.43542528558 19.672997464 62.4197731018 5.00738501549 985680 434380 2641
S20033352003365.MON.chlor_a.csv 4052.92803359 7.58975287189 6.61882543564 3.36675292363 11.3350252488 17.787065506 5.0008752346 985680 572487 534
S20040012004031.MON.chlor_a.csv 1129.52274361 8.55699048191 6.68443441391 3.86685129296 14.9525389219 17.9478569031 5.13388538361 985680 532977 132
S20040322004060.MON.chlor_a.csv 8749.59023858 7.24903913718 6.28000891209 3.24672870496 10.5412472836 27.9360866547 5.00506724417 985680 429488 1207
S20040612004091.MON.chlor_a.csv 3811.48450311 6.68681491774 6.41410334657 1.69196916728 2.86275966302 14.9378728867 5.00684087276 985680 419360 570
S20040922004121.MON.chlor_a.csv 5917.85462292 6.8099592899 5.95087098479 2.84805221332 8.11140140981 26.7214260101 5.00288257599 985680 408132 869
S20041222004152.MON.chlor_a.csv 19221.8357271 8.02246900131 6.2060709397 4.30785100752 18.557580303 34.4619560242 5.00195503235 985680 412267 2396
S20041532004182.MON.chlor_a.csv 2793.10615713 6.76296890347 5.97774934769 1.92023563389 3.68730488965 11.2102708817 5.01661157608 985680 408343 413
S20041832004213.MON.chlor_a.csv 4683.12491619 9.65592766224 7.39821851254 5.44120380541 29.606698852 26.0702152252 5.02851849794 985680 422165 485
S20042142004244.MON.chlor_a.csv 7486.87028233 12.9530627722 7.71585702896 15.1144565043 228.446795421 73.3439102173 5.00745793184 985680 407963 578
S20042452004274.MON.chlor_a.csv 13034.2739363 12.4372842904 6.29180574417 16.2039400457 262.567673006 85.6347579956 5.00021791458 985680 429361 1048
S20042752004305.MON.chlor_a.csv 6416.29969996 7.70264069622 6.59342972438 3.50239496963 12.2667705233 19.1995410919 5.00145053864 985680 444337 833
S20043062004335.MON.chlor_a.csv 6451.36262576 9.90992722852 7.85791540146 5.30331120141 28.125109699 22.8842592239 5.04231214523 985680 423075 651
S20043362004366.MON.chlor_a.csv 8586.55899981 8.42645632955 6.78312000632 4.20642662443 17.6940249467 29.3899936676 5.00003319979 985680 474126 1019
S20050012005031.MON.chlor_a.csv 1425.40560926 6.75547682114 6.70177173615 1.27647530101 1.6293891941 11.2572040558 5.01175165176 985680 619145 211
S20050322005059.MON.chlor_a.csv 2042.68545428 6.71936004699 5.58931014538 3.18597125753 10.1504128538 16.5846538544 5.00836833318 985680 637942 304
S20050602005090.MON.chlor_a.csv 4782.02903109 9.48815283947 5.90122127533 8.03009728476 64.4824624028 55.9794654846 5.00577222308 985680 412808 504
S20050912005120.MON.chlor_a.csv 21268.1647707 7.59577313239 6.24707040191 3.27844210183 10.748182615 21.4072942585 5.00466126204 985680 411813 2800
S20051212005151.MON.chlor_a.csv 10760.1046478 6.29614081208 5.9796372056 1.1544589674 1.33277550741 9.6910648644 5.00149472952 985680 412361 1709
S20051522005181.MON.chlor_a.csv 494.164557695 6.58886076927 6.00738620758 1.13964628066 1.29879364502 8.04919528961 5.12136673927 985680 567869 75
S20051822005212.MON.chlor_a.csv 1683.52153724 7.68731295545 7.81597447395 1.78920245482 3.20124542433 10.9049196243 5.53333556652 985680 570298 219
S20052132005243.MON.chlor_a.csv 3627.30778482 7.47898512333 6.68472623825 2.75035567041 7.56445631373 16.5680599213 5.01145950953 985680 414279 485
S20052442005273.MON.chlor_a.csv 8684.70214752 10.7483937469 6.84169483185 12.6385678827 159.733398127 65.1255187988 5.02289542556 985680 422359 808
S20052742005304.MON.chlor_a.csv 6491.09785752 12.0428531679 6.56068229675 15.8978315073 252.741046634 78.8391342163 5.00191958745 985680 404006 539
S20053052005334.MON.chlor_a.csv 49652.0927259 9.53930695982 8.09313964844 4.93695783671 24.3735526814 78.4590988159 5.00197774985 985680 477776 5205
S20053352005365.MON.chlor_a.csv 5716.30658345 9.60723795538 6.40642657876 7.44506674244 55.4290187994 35.9098777771 5.00157380104 985680 693015 595
S20060012006031.MON.chlor_a.csv 2919.15516074 9.09394131072 8.10645008087 4.39138521554 19.2842641113 20.0667324066 5.18108892441 985680 542624 321
S20060322006059.MON.chlor_a.csv 2411.47040881 13.1774339279 8.65309619904 13.1122360723 171.930734817 60.6963195801 5.15385758877 985680 498190 183
S20060602006090.MON.chlor_a.csv 30310.1682673 7.1757027148 6.46711046497 2.14282013451 4.59167812886 18.1905860901 5.00063700676 985680 423010 4224
S20060912006120.MON.chlor_a.csv 8800.2971663 7.63252139315 6.50028657913 3.20655481049 10.2819937526 19.5950317383 5.01226204634 985680 502656 1153
S20061212006151.MON.chlor_a.csv 3043.64114749 13.1191428771 6.3299574852 12.5526235496 157.568357978 41.2139659226 5.06022417545 985680 459694 232
S20061522006181.MON.chlor_a.csv 566.704108238 5.78269498202 5.78509044647 0.50514851311 0.255175020297 6.54118776321 5.24778842926 985680 562217 98
S20061822006212.MON.chlor_a.csv 11691.0637797 7.50871148344 6.13698482513 2.83921139506 8.06112134585 18.6749229431 5.01179134846 985680 546090 1557
S20062132006243.MON.chlor_a.csv 6770.01493349 9.69916179584 7.05275572836 5.62495102304 31.6400740116 39.4133946896 5.0093755722 985680 407407 698
S20062442006273.MON.chlor_a.csv 9173.44623883 9.47670065995 6.65456104279 7.45742812461 55.6132342337 45.4261702299 5.01338291168 985680 406551 968
S20062742006304.MON.chlor_a.csv 2619.0788448 7.54777765072 7.39910078049 1.95628884709 3.82706605324 12.121761322 5.01320644617 985680 407503 347
S20063052006334.MON.chlor_a.csv 21331.9524497 7.51654420355 6.66971600056 2.80979322511 7.89493796785 26.9998703003 5.00200299422 985680 463896 2838
S20063352006365.MON.chlor_a.csv 5509.58054811 8.22325454942 6.6925549984 3.69232810127 13.6332868075 18.6488304138 5.00404509902 985680 547580 670
