S20030012003031.MON.chlor_a.csv 1825.09382422 24.3345843229 21.2100028992 9.52665279115 90.7571134032 60.3289375305 15.342405508 985680 510686 75
S20030322003059.MON.chlor_a.csv 2487.92556651 22.0170404116 19.8963054915 6.21196718027 38.5885362487 42.3421418667 15.0003015921 985680 393647 113
S20030602003090.MON.chlor_a.csv 2168.03158547 20.4531281648 18.7987922549 7.21623726508 52.0740802659 64.4377593994 15.0884923935 985680 392534 106
S20030912003120.MON.chlor_a.csv 3153.77755068 20.4790750044 17.412789464 9.76811512352 95.4160730663 79.2592163086 15.0327585538 985680 392653 154
S20031212003151.MON.chlor_a.csv 3648.22939222 23.6898012482 19.4271032065 10.9409226332 119.703788066 85.0576248169 15.0742721558 985680 411907 154
S20031522003181.MON.chlor_a.csv 2424.04045364 23.308081285 19.9099578857 11.3367984523 128.522999148 93.276725769 15.1044068336 985680 414952 104
S20031822003212.MON.chlor_a.csv 6919.15165186 27.6766066074 22.3905403018 15.6502321446 244.929766181 99.5339050293 15.1178506613 985680 463362 250
S20032132003243.MON.chlor_a.csv 12101.9403763 27.2566224692 21.5930093924 14.7047787579 216.230518319 96.9158096313 15.0048226515 985680 393955 444
S20032442003273.MON.chlor_a.csv 10475.3995614 22.6740250247 19.4159168154 10.270205977 105.477130811 79.9346313477 15.0153986931 985680 389614 462
S20032742003304.MON.chlor_a.csv 4915.51378376 24.2143536146 19.3214926124 12.9013218693 166.444105975 90.6375274658 15.0659918785 985680 387742 203
S20033052003334.MON.chlor_a.csv 5909.08100333 24.317205775 19.9120349884 13.032060063 169.834589486 85.957069397 15.0743653297 985680 387956 243
S20033352003365.MON.chlor_a.csv 2734.89664464 25.8009117418 20.4035282135 15.0033475093 225.100436485 95.7752151489 15.0030911267 985680 433198 106
S20040012004031.MON.chlor_a.csv 2692.43309451 27.4738070868 21.0354988426 15.0640672947 226.926123458 76.4833831787 15.1795684844 985680 429515 98
S20040322004060.MON.chlor_a.csv 2578.50134154 21.1352568979 20.3061991533 5.34250418448 28.5423509612 43.1564064026 15.0958833694 985680 394201 122
S20040612004091.MON.chlor_a.csv 1201.81081959 22.6756758413 18.9728393555 9.25048218136 85.5714205877 59.1282501221 15.0278940201 985680 390783 53
S20040922004121.MON.chlor_a.csv 3475.46837447 22.8649235163 19.6562601089 10.3657248594 107.44825186 97.4702987671 15.1175344467 985680 389122 152
S20041222004152.MON.chlor_a.csv 11382.9767598 23.5672396684 20.9206066132 9.28794935874 86.2660032905 89.2646102905 15.0277157327 985680 392314 483
S20041532004182.MON.chlor_a.csv 20520.7477425 26.5125939825 23.0456734896 11.3760008269 129.413394814 92.8808670044 15.0137182474 985680 392459 774
S20041832004213.MON.chlor_a.csv 23622.816433 31.2058341255 23.7470916907 18.4384738358 339.977317395 98.2258682251 15.0076939265 985680 393103 757
S20042142004244.MON.chlor_a.csv 10878.6105903 24.3915035657 20.8706574043 10.4863528058 109.963595167 88.6967926025 15.0692790747 985680 390646 446
S20042452004274.MON.chlor_a.csv 8504.08527677 24.5782811467 20.1219170094 12.9746255052 168.340907 96.1776580811 15.0051242312 985680 394864 346
S20042752004305.MON.chlor_a.csv 6130.49128766 23.3988217086 18.47829626 14.4681113056 209.326244751 93.7814483643 15.0241786412 985680 387722 262
S20043062004335.MON.chlor_a.csv 4632.80952664 22.4893666342 20.344701767 8.42991934458 71.0635401562 67.2407302856 15.0419290662 985680 387973 206
S20043362004366.MON.chlor_a.csv 10030.1474723 21.9959374392 18.8580915928 10.2322720905 104.699392135 96.3672332764 15.0105324507 985680 425389 456
S20050012005031.MON.chlor_a.csv 3032.72342265 30.0269645807 22.9872112751 17.5180792949 306.883102184 87.6893157959 15.1546001434 985680 617035 101
S20050322005059.MON.chlor_a.csv 3765.47885475 22.2809399689 19.5044106722 9.87094788268 97.4356121027 68.9825744629 15.0037486553 985680 660656 169
S20050602005090.MON.chlor_a.csv 10983.1461921 27.7352176568 23.5746221542 13.7614172473 189.376604655 85.4209365845 15.0910162926 985680 633610 396
S20050912005120.MON.chlor_a.csv 7692.88307645 23.0325840612 19.2636381611 10.9320279176 119.509234391 84.7863845825 15.08603701 985680 392407 334
S20051212005151.MON.chlor_a.csv 5848.13829965 21.7402910768 19.8542633951 9.72105956156 94.4989989994 80.4225082397 15.0043134689 985680 398970 269
S20051522005181.MON.chlor_a.csv 1232.90877926 23.7097842166 20.4312133789 10.5218665269 110.70967521 64.078086853 15.0479755402 985680 672690 52
S20051822005212.MON.chlor_a.csv 5366.01142259 26.3039775617 21.2553100586 16.1076777688 259.457283104 97.2804718018 15.1580247879 985680 469933 204
S20052132005243.MON.chlor_a.csv 10249.8954559 24.8181488036 22.2085824013 9.41052631707 88.5580055643 69.9899673462 15.0106882254 985680 394813 413
S20052442005273.MON.chlor_a.csv 12926.4685046 26.1669402927 21.8840618134 13.9776657978 195.375141154 99.7157058716 15.0696497858 985680 397279 494
S20052742005304.MON.chlor_a.csv 6240.33456873 21.4444486898 19.2594270706 7.76065832598 60.2278176526 73.3038635254 15.0035431609 985680 389116 291
S20053052005334.MON.chlor_a.csv 19044.345475 21.5922284297 19.1098888346 7.82256707954 61.1925557138 71.9108810425 15.0008204248 985680 424859 882
S20053352005365.MON.chlor_a.csv 5568.78717996 23.6969667232 20.0754146576 12.4898860849 155.997254414 99.9407806396 15.0480127335 985680 623907 235
S20060012006031.MON.chlor_a.csv 3832.48346403 26.4309204416 22.0750102997 13.0002852818 169.007417407 92.6855316162 15.0388660431 985680 475538 145
S20060322006059.MON.chlor_a.csv 2185.72845928 24.5587467335 21.1816997528 11.8328364506 140.016018466 97.4656982422 15.0655300617 985680 422794 89
S20060602006090.MON.chlor_a.csv 7954.13227653 24.1766938496 20.6374721527 12.7628582407 162.890550472 97.7441101074 15.008751591 985680 426096 329
S20060912006120.MON.chlor_a.csv 3065.84219181 28.387427702 21.7477701902 17.167220347 294.713454441 98.3231964111 15.0234680176 985680 419836 108
S20061212006151.MON.chlor_a.csv 7293.25643489 23.91231618 20.1443978945 11.0163494945 121.359956184 90.3890762329 15.0142507553 985680 403933 305
S20061522006181.MON.chlor_a.csv 2864.19606735 25.8035681744 20.6228046417 16.304207953 265.827196976 99.7268753052 15.0727462769 985680 418525 111
S20061822006212.MON.chlor_a.csv 3517.29664302 33.4980632668 25.6911511421 20.4606835233 418.63957024 92.4248657227 15.1699662209 985680 681800 105
S20062132006243.MON.chlor_a.csv 12389.4296944 26.4166944443 23.2079184055 12.6365812236 159.683185019 88.5700912476 15.026368618 985680 392068 469
S20062442006273.MON.chlor_a.csv 8834.70814113 22.1977591486 20.2483592033 7.41386144247 54.9653414881 65.9273452759 15.0024724603 985680 388379 398
S20062742006304.MON.chlor_a.csv 3689.72777956 23.2058350915 19.710201025 10.2814064041 105.707317646 85.0446472168 15.0664536953 985680 389034 159
S20063052006334.MON.chlor_a.csv 12904.5866214 24.3024230158 20.1981754303 12.0664383479 145.598934403 97.2868270874 15.0089638233 985680 440252 531
S20063352006365.MON.chlor_a.csv 5068.30582599 22.9335105248 20.2192471549 8.4830595829 71.962299887 69.8962783813 15.0925781727 985680 486709 221
