S20030322003059.MON.chlor_a.csv 2021.92751741 15.3176327077 14.4413528442 3.41157027173 11.638811719 20.0573596954 10.4033545256 985680 427584 132
S20030602003090.MON.chlor_a.csv 1147.55574573 13.5006558321 11.7021665573 3.19219909892 10.1901350872 18.2446516355 10.1387805939 985680 416537 85
S20030912003120.MON.chlor_a.csv 64837.7238377 13.6299608656 12.3961372674 4.01980752173 16.1588525118 46.1744291782 10.0019931793 985680 422627 4757
S20031822003212.MON.chlor_a.csv 146.723321915 11.2864093781 11.2864093781 0.0 0.0 11.2864093781 11.2864093781 985680 674019 13
S20032132003243.MON.chlor_a.csv 1205.49761344 12.5572668067 10.9815583229 3.11958145979 9.73178848424 21.8649059385 10.0712373257 985680 470446 96
S20032442003273.MON.chlor_a.csv 4979.20837311 21.3699930176 20.3345100939 8.17305964936 66.798904032 40.6952590942 10.319188118 985680 412224 233
S20032742003304.MON.chlor_a.csv 4944.76907926 29.0868769368 22.5388843218 18.248975425 333.025104063 62.1961708069 10.6342348201 985680 403519 170
S20033052003334.MON.chlor_a.csv 5824.40519757 14.8203694595 11.9251717329 7.88402896163 62.1579126679 62.4197731018 10.0083321532 985680 434380 393
S20033352003365.MON.chlor_a.csv 1068.66825954 15.0516656273 16.8294506073 3.27567726971 10.7300615753 17.787065506 10.1431341171 985680 572487 71
S20040012004031.MON.chlor_a.csv 299.161915779 17.5977597517 17.9478569031 0.756296285746 0.571984071834 17.9478569031 15.9639730453 985680 532977 17
S20040322004060.MON.chlor_a.csv 1686.90064953 14.7973741187 12.3045200358 5.76826045388 33.2728286637 27.9360866547 10.0359656016 985680 429488 114
S20040612004091.MON.chlor_a.csv 219.571139336 14.6380759557 14.678809166 0.27567963365 0.0759992604096 14.9378728867 13.9847145081 985680 419360 15
S20040922004121.MON.chlor_a.csv 784.539006879 16.0110001404 14.6058439016 5.51714760657 30.4389177127 26.7214260101 10.1668958664 985680 408132 49
S20041222004152.MON.chlor_a.csv 6347.42247883 15.9482976855 16.2417368094 5.17943552848 26.8265523936 34.4619560242 10.1611919403 985680 412267 398
S20041532004182.MON.chlor_a.csv 560.513544083 11.2102708817 11.2102708817 0.0 0.0 11.2102708817 11.2102708817 985680 408343 50
S20041832004213.MON.chlor_a.csv 2422.9523344 16.2614250631 14.9406032562 5.44573745525 29.6560564315 26.0702152252 10.0729799271 985680 422165 149
S20042142004244.MON.chlor_a.csv 4508.45127412 32.4349012526 19.733225584 21.0709411204 443.984559699 73.3439102173 10.9395481745 985680 407963 139
S20042452004274.MON.chlor_a.csv 8073.66945004 30.8155322521 15.7618961334 24.3819545741 594.479708852 85.6347579956 10.0281748772 985680 429361 262
S20042752004305.MON.chlor_a.csv 1848.31767245 14.6691878766 14.7352918386 3.82777951451 14.6518960117 19.1995410919 10.1233363152 985680 444337 126
S20043062004335.MON.chlor_a.csv 3917.79409018 15.4853521351 15.7509893477 4.41547106336 19.4963847114 22.8842592239 10.0220384598 985680 423075 253
S20043362004366.MON.chlor_a.csv 3611.34156821 14.1621237969 13.3463611603 4.66597044888 21.7712802299 29.3899936676 10.0545414289 985680 474126 255
S20050012005031.MON.chlor_a.csv 99.5304908752 11.0589434306 10.959813118 0.140191432524 0.019653637753 11.2572040558 10.959813118 985680 619145 9
S20050322005059.MON.chlor_a.csv 458.632038116 16.379715647 16.5846538544 1.06489016265 1.1339910585 16.5846538544 10.8463840485 985680 637942 28
S20050602005090.MON.chlor_a.csv 2170.64350295 22.1494234995 17.1369568929 11.0483957274 122.067048149 55.9794654846 10.0231312769 985680 412808 98
S20050912005120.MON.chlor_a.csv 6298.40817584 13.7519829167 12.93357265 3.47117532623 12.0490581454 21.4072942585 10.0292278975 985680 411813 458
S20051822005212.MON.chlor_a.csv 357.181035042 10.8236677285 10.9049196243 0.192277079206 0.0369704751881 10.9049196243 10.3686571121 985680 570298 33
S20052132005243.MON.chlor_a.csv 561.478344758 15.1750903989 16.5680599213 2.32454631234 5.40351555823 16.5680599213 10.6781535943 985680 414279 37
S20052442005273.MON.chlor_a.csv 4870.87929959 23.4176889403 13.4551744461 19.9457175456 397.831648409 65.1255187988 10.57188797 985680 422359 208
S20052742005304.MON.chlor_a.csv 3730.34398286 34.2233392923 25.4640207291 25.0537523 627.690504308 78.8391342163 10.3012273908 985680 404006 109
S20053052005334.MON.chlor_a.csv 25530.2223075 14.6388889378 12.9603509903 5.43058050167 29.4912045852 78.4590988159 10.0053992967 985680 477776 1744
S20053352005365.MON.chlor_a.csv 2786.97844234 20.4924885466 15.3882379532 9.10139328887 82.8353597987 35.9098777771 10.018693924 985680 693015 136
S20060012006031.MON.chlor_a.csv 1288.183773 15.1551032117 11.96878618 4.11100950605 16.9003991588 20.0667324066 11.4906724095 985680 542624 85
S20060322006059.MON.chlor_a.csv 1229.42758247 38.4196119523 30.5085631311 14.300864644 204.514729565 60.6963195801 11.9216911197 985680 498190 32
S20060602006090.MON.chlor_a.csv 5697.72108662 11.8702522638 11.4705331624 1.70785186674 2.91675799872 18.1905860901 10.0049280524 985680 423010 480
S20060912006120.MON.chlor_a.csv 2970.02810405 13.0838242469 12.2654965371 2.93655575103 8.6233596789 19.5950317383 10.0694389343 985680 502656 227
S20061212006151.MON.chlor_a.csv 2198.27319369 27.1391752307 28.553352356 12.1977238105 148.784466156 41.2139659226 11.0872116089 985680 459694 81
S20061822006212.MON.chlor_a.csv 3765.96966298 12.2271742305 11.3294962247 2.30176234316 5.2981098844 18.6749229431 10.0146045685 985680 546090 308
S20062132006243.MON.chlor_a.csv 3842.50323501 16.0104301459 15.2966995239 5.41952998531 29.3713052616 39.4133946896 10.0475511253 985680 407407 240
S20062442006273.MON.chlor_a.csv 4171.43467889 21.0678519136 15.6362571716 9.89251671758 97.8618870075 45.4261702299 10.0425762335 985680 406551 198
S20062742006304.MON.chlor_a.csv 567.171903431 11.1210177143 10.916680932 0.731423052449 0.534979681654 12.121761322 10.4533424377 985680 407503 51
S20063052006334.MON.chlor_a.csv 5044.77553117 13.3107533804 12.4591243267 3.21680299602 10.3478215152 26.9998703003 10.0226979256 985680 463896 379
S20063352006365.MON.chlor_a.csv 1859.5228124 14.9961517129 14.4769279361 3.05041263409 9.30501723819 18.6488304138 10.0669298172 985680 547580 124
